<?xml version="1.0" encoding="UTF-8" standalone="no"?>
<svg
   xmlns:dc="http://purl.org/dc/elements/1.1/"
   xmlns:cc="http://creativecommons.org/ns#"
   xmlns:rdf="http://www.w3.org/1999/02/22-rdf-syntax-ns#"
   xmlns:svg="http://www.w3.org/2000/svg"
   xmlns="http://www.w3.org/2000/svg"
   xmlns:sodipodi="http://sodipodi.sourceforge.net/DTD/sodipodi-0.dtd"
   xmlns:inkscape="http://www.inkscape.org/namespaces/inkscape"
   height="84.630257"
   width="120.00195"
   viewBox="0 0 120.00195 84.630257"
   version="1.1"
   id="svg6"
   sodipodi:docname="ncp.svg"
   inkscape:version="0.92.2 5c3e80d, 2017-08-06"
   inkscape:export-filename="Nextcloud Pi.png"
   inkscape:export-xdpi="320"
   inkscape:export-ydpi="320">
  <metadata
     id="metadata12">
    <rdf:RDF>
      <cc:Work
         rdf:about="">
        <dc:format>image/svg+xml</dc:format>
        <dc:type
           rdf:resource="http://purl.org/dc/dcmitype/StillImage" />
        <dc:title></dc:title>
      </cc:Work>
    </rdf:RDF>
  </metadata>
  <defs
     id="defs10" />
  <sodipodi:namedview
     pagecolor="#ffffff"
     bordercolor="#666666"
     borderopacity="1"
     objecttolerance="10"
     gridtolerance="10"
     guidetolerance="10"
     inkscape:pageopacity="0"
     inkscape:pageshadow="2"
     inkscape:window-width="1920"
     inkscape:window-height="1079"
     id="namedview8"
     showgrid="false"
     inkscape:zoom="5.2149126"
     inkscape:cx="57.824436"
     inkscape:cy="39.134036"
     inkscape:window-x="1920"
     inkscape:window-y="0"
     inkscape:window-maximized="1"
     inkscape:current-layer="svg6"
     fit-margin-top="0"
     fit-margin-left="0"
     fit-margin-right="0"
     fit-margin-bottom="0" />
  <rect
     id="rect4527"
     width="150"
     height="150"
     ry="100"
     rx="100"
     x="-14"
     y="-27.369741"
     style="fill:none" />
  <path
     style="color:#000000;text-indent:0;text-decoration:none;text-decoration-line:none;text-decoration-style:solid;text-decoration-color:#000000;text-transform:none;white-space:normal;isolation:auto;mix-blend-mode:normal;fill:#ffffff"
     d="m 37.785156,0.00135186 c -0.64524,0.02045 -1.338933,0.259083 -2.126953,0.880859 -1.93234,-0.745157 -3.807002,-1.003334 -5.482422,0.51367204 -2.58716,-0.335582 -3.427473,0.355618 -4.064453,1.164063 -0.56793,-0.01178 -4.24907,-0.583103 -5.9375,1.935546 -4.24313,-0.502088 -5.583933,2.49545 -4.064453,5.291016 -0.8666,1.3415781 -1.764881,2.6670621 0.261719,5.2246091 -0.71691,1.424457 -0.272755,2.96977 1.416015,4.839844 -0.44569,2.002466 0.430583,3.414563 2.001953,4.515625 -0.29388,2.740254 2.513493,4.334595 3.351563,4.902344 0.32183,1.596673 0.991306,3.10248 4.197266,3.935547 0.52871,2.379478 2.456475,2.791603 4.322265,3.291015 0.538094,1.513717 3.316408,2.578579 8.81836,1.978516 -3.06623,3.227241 -5.368564,7.194266 -6.595704,11.601562 -2.8,-6.159999 -8.961093,-10.523437 -16.121093,-10.523437 C 8.0167194,39.554133 3.7422793e-7,47.566852 3.7422793e-7,57.313852 -0.00199963,67.063848 8.0127664,75.077478 17.759766,75.079478 c 7.162,-0.002 13.321093,-4.3693 16.121093,-10.5293 3.206,11.518 13.706938,20.08008 26.210938,20.08008 12.434,0.002 22.879343,-8.46772 26.152343,-19.88672 2.845,6.046 8.91324,10.33494 15.99024,10.33594 9.75,0 17.76857,-8.01658 17.76757,-17.767579 0,-9.75 -8.01662,-17.763719 -17.76562,-17.761719 -7.078,0.002 -13.15014,4.289937 -15.99414,10.335937 -1.24732,-4.350739 -3.54005,-8.267974 -6.58203,-11.457031 5.69814,0.388362 9.68993,-0.498005 10.11523,-1.935547 1.86579,-0.499305 3.7936,-0.91143 4.32227,-3.291015 3.20594,-0.83321 3.87556,-2.338999 4.19726,-3.935547 0.83821,-0.567624 3.64542,-2.160137 3.35156,-4.900391 1.57133,-1.101169 2.44766,-2.515291 2.00196,-4.517578 1.68877,-1.870075 2.13301,-3.415298 1.41601,-4.839844 2.02691,-2.556476 1.12708,-3.881077 0.26172,-5.2226561 1.5184,-2.795565 0.17834,-5.793105 -4.0664,-5.291016 -1.6879,-2.518649 -5.36832,-1.947322 -5.9375,-1.935546 -0.63697,-0.808445 -1.4773,-1.501598 -4.06446,-1.166016 -1.67541,-1.51700704 -3.54813,-1.25689404 -5.48047,-0.51171904 -2.29455,-1.810659 -3.81453,-0.359329 -5.54882,0.18945304 -2.77808,-0.90777304 -3.41239,0.335462 -4.777348,0.841797 -3.02966,-0.640207 -3.949964,0.753495 -5.402344,2.224609 l -1.689453,-0.0332 C 63.789725,6.7978409 61.519544,12.280072 60.714844,15.099011 59.909774,12.279537 57.644932,6.7973049 53.076172,4.1048699 l -1.689453,0.0332 C 49.932549,2.6669559 49.012082,1.2732719 45.982422,1.9134609 44.617472,1.4071259 43.982985,0.16389086 41.203125,1.0716639 40.065435,0.71170586 39.018989,-0.03604014 37.787109,0.00135186 Z M 83.76172,3.2357269 c -0.63445,0.784482 -1.52223,1.549982 -0.58203,2.451172 1.2959,-0.821523 2.60007,-1.640696 5.67773,-2.22461 -0.69356,0.784946 -2.12717,1.568571 -1.25781,2.353516 1.62706,-0.630911 3.4278,-1.087556 5.41992,-1.353516 -0.95394,0.79649 -1.7506,1.576419 -0.96875,2.19336 1.74125,-0.543794 4.14023,-1.27761 6.48438,-0.646485 l -1.48438,1.517578 c -0.16468,0.202856 3.47128,0.15772 5.8711,0.19336 -0.8758,1.235059 -1.76766,2.4275311 -2.28907,4.5488281 0.23784,0.244639 1.42559,0.108729 2.54688,0 -1.14977,2.457343 -3.14521,3.077358 -3.61133,4.128906 0.70246,0.539898 1.67706,0.39836 2.74219,0.03125 -0.82771,1.731258 -2.56386,2.91731 -3.93555,4.322266 0.34686,0.249864 0.95218,0.399728 2.38672,0.226562 -1.26736,1.367451 -2.79869,2.617985 -4.61328,3.742188 0.32135,0.376963 1.42608,0.361629 2.45117,0.386718 -1.64366,1.633127 -3.75953,2.480384 -5.74219,3.548829 0.98826,0.685421 1.69441,0.524925 2.45117,0.515625 -1.40225,1.169505 -3.78646,1.7784 -6,2.484375 0.42097,0.664169 0.8422,0.844795 1.74219,1.03125 -2.3429,1.316242 -5.69808,0.714091 -6.64453,1.386718 0.22849,0.661583 0.87223,1.093652 1.64453,1.453125 C 82.27887,35.74906 71.963638,35.387578 69.986328,27.462289 73.847018,23.155588 80.89395,18.10094 93.01367,11.850961 83.58375,15.055432 75.074195,19.325172 67.953125,25.202524 59.579725,21.244697 65.35246,11.26336 69.4375,7.3001799 c 0.20714,1.046517 0.442998,1.709207 0.710938,1.904297 1.33016,-1.447385 2.416636,-2.931343 4.128906,-4.324219 0.006,0.81808 -0.408082,1.706376 0.611328,2.355469 0.918,-1.253794 2.159028,-2.372562 3.806638,-3.322266 -0.79358,1.389326 -0.13563,1.810924 0.29102,2.386719 1.25843,-1.095352 2.45479,-2.204979 4.77539,-3.064453 z m -45.812501,0.002 c 2.3206,0.859474 3.51696,1.969101 4.77539,3.064453 0.42665,-0.575796 1.082643,-0.999347 0.289063,-2.388672 1.64761,0.949703 2.888641,2.068472 3.80664,3.322266 1.01941,-0.649093 0.607712,-1.535437 0.613282,-2.353516 1.71227,1.392876 2.798746,2.874881 4.128906,4.322266 0.26794,-0.19509 0.501844,-0.85778 0.708984,-1.904297 4.08504,3.9631791 9.857775,13.9464701 1.484375,17.9042971 -7.12185,-5.873656 -15.626271,-10.143629 -25.050781,-13.347657 12.11367,6.246548 19.158178,11.301104 23.017578,15.605469 -0.68515,2.746161 -2.380974,4.568827 -4.449218,5.789063 -0.197524,0.107172 -0.387468,0.225978 -0.582032,0.33789 -3.825565,1.98469 -8.690489,2.075581 -11.033203,1.9375 0.7723,-0.359473 1.416041,-0.791542 1.644531,-1.453125 -0.94646,-0.672627 -4.301631,-0.07048 -6.644531,-1.386718 0.9,-0.186455 1.321208,-0.367081 1.742188,-1.03125 -2.21354,-0.705975 -4.59776,-1.31487 -6,-2.484375 0.75675,0.0093 1.462911,0.169796 2.451171,-0.515625 -1.98266,-1.068445 -4.098557,-1.915703 -5.742187,-3.548829 1.02509,-0.02509 2.129832,-0.0098 2.451172,-0.386718 -1.81458,-1.124203 -3.345931,-2.374737 -4.613281,-3.742188 1.43454,0.173166 2.041812,0.0233 2.388672,-0.226562 -1.3717,-1.404956 -3.107837,-2.591008 -3.935547,-4.322266 1.06512,0.36711 2.039727,0.508648 2.742187,-0.03125 -0.46611,-1.051548 -2.463511,-1.671563 -3.613281,-4.128906 1.1213,0.108729 2.310998,0.244639 2.548828,0 -0.52046,-2.120404 -1.415136,-3.3137691 -2.291016,-4.5488281 2.39981,-0.03568 6.035774,0.0095 5.871094,-0.19336 l -1.482422,-1.515625 c 2.34415,-0.631126 4.743125,0.100739 6.484375,0.644532 0.78184,-0.61694 -0.0148,-1.39687 -0.96875,-2.19336 1.99212,0.265961 3.792862,0.724558 5.419922,1.355469 0.86936,-0.784946 -0.564252,-1.570524 -1.257812,-2.355469 3.07766,0.583914 4.379881,1.40504 5.675781,2.226563 0.94019,-0.90119 0.0544,-1.66669 -0.580078,-2.451172 z M 60.089844,40.425227 h 0.002 a 16.81,16.81 0 0 1 16.888673,16.888672 c 0,9.389996 -7.500626,16.890679 -16.890626,16.888679 A 16.81,16.81 0 0 1 43.203125,57.313852 c 0,-9.389342 7.500641,-16.886622 16.886719,-16.888672 z m -42.330078,9.552734 h 0.002 c 4.113054,10e-4 7.332984,3.221644 7.333984,7.333985 0,4.114 -3.218984,7.339839 -7.333984,7.339839 -4.113,0 -7.334985,-3.225839 -7.333985,-7.339839 0,-4.112341 3.219977,-7.332952 7.332032,-7.333985 z m 84.474614,0 c 4.11399,0 7.33789,3.218985 7.33789,7.333985 0,4.115 -3.2229,7.339839 -7.33789,7.339839 -4.11401,0 -7.33499,-3.225839 -7.33399,-7.339839 0,-4.113 3.22098,-7.333985 7.33399,-7.333985 z"
     id="path4529"
     inkscape:connector-curvature="0" />
  <path
     style="opacity:0;fill:none;fill-opacity:1;stroke:none;stroke-width:0;stroke-miterlimit:4;stroke-dasharray:1.15235844, 0.19205974;stroke-dashoffset:0;stroke-opacity:1"
     d="M 55.293233,122.35102 C 44.480598,121.29517 36.235186,119.01609 27.561622,114.68583 20.100993,110.96112 13.93976,106.52367 8.0179414,100.61003 -4.5578257,88.051638 -12.131407,71.71574 -13.652999,53.866727 -13.960055,50.264813 -13.796867,41.529192 -13.36194,38.286131 -11.433349,23.905435 -6.0896249,11.415126 2.9229304,0.22221386 4.8889074,-2.2193801 9.4508754,-6.9007571 12.039784,-9.1332701 29.624928,-24.297602 53.250802,-30.413356 76.190228,-25.739145 c 27.069752,5.515819 49.062942,25.80067886 56.734972,52.328052 2.63954,9.126657 3.57167,19.344336 2.61528,28.667786 -1.57053,15.310539 -7.84141,29.861385 -17.84717,41.412285 -2.2178,2.56029 -6.69319,6.920332 -9.1873,8.950502 -10.94874,8.91218 -23.545048,14.3643 -37.641766,16.29266 -2.310689,0.31609 -4.147352,0.41068 -8.859489,0.45627 -3.26947,0.0316 -6.289654,0.0238 -6.711522,-0.0174 z m 8.104773,-37.856992 c 6.075392,-0.76179 11.550855,-3.47686 15.915396,-7.89184 3.212689,-3.24982 5.215566,-6.534627 6.864908,-11.258768 0.0571,-0.163592 0.35219,0.161188 0.75657,0.832727 2.81242,4.670489 7.05106,7.699611 12.10705,8.652251 2.15739,0.40649 5.68881,0.28903 7.64239,-0.2542 3.31285,-0.92119 6.03295,-2.539438 8.35647,-4.971441 3.30865,-3.463126 4.97069,-7.540213 4.97069,-12.193426 0,-3.252791 -0.5537,-5.522363 -2.04638,-8.387876 -2.69884,-5.181009 -7.82775,-8.691676 -13.76387,-9.421182 -5.44223,-0.66881 -11.58144,1.693847 -15.08884,5.806895 -0.94047,1.102865 -2.65852,3.58757 -2.65852,3.844843 0,0.08584 -0.0863,0.15607 -0.19176,0.15607 -0.10546,0 -0.19175,-0.09717 -0.19175,-0.215923 0,-0.469337 -1.431712,-3.800238 -2.256236,-5.249173 -0.797183,-1.400887 -2.050474,-3.184546 -3.422464,-4.870784 l -0.530584,-0.652112 1.143862,0.129413 c 1.454074,0.164509 5.126472,-0.153051 6.621712,-0.572594 0.67637,-0.189779 1.39593,-0.553931 1.75221,-0.886748 0.3325,-0.310601 1.10741,-0.721237 1.72202,-0.912525 1.45085,-0.451557 2.29843,-1.114749 2.80676,-2.196158 0.22564,-0.480044 0.54213,-0.872806 0.70329,-0.872806 0.55398,0 2.13724,-0.934994 2.73381,-1.614447 0.32851,-0.374158 0.70165,-1.028604 0.8292,-1.454326 0.15826,-0.528206 0.43241,-0.897955 0.86322,-1.164207 1.45175,-0.897231 2.75733,-2.855831 2.75733,-4.136474 0,-0.201858 0.30477,-0.654479 0.67727,-1.005827 0.93628,-0.883121 1.29668,-1.662603 1.33955,-2.897216 0.0299,-0.861445 0.16342,-1.240723 0.72869,-2.070211 0.77715,-1.140407 1.00182,-1.996793 0.82082,-3.128739 -0.0958,-0.598781 -0.0383,-0.889455 0.25791,-1.305478 0.20959,-0.29435 0.48797,-0.934846 0.61862,-1.423322 0.21621,-0.808362 0.19743,-0.978793 -0.20903,-1.897353 -0.50543,-1.1422011 -0.51372,-1.2476961 -0.19409,-2.4690021 0.6087,-2.325809 -1.04892,-4.192133 -3.72679,-4.195993 -0.55635,-7.67e-4 -0.91228,-0.150835 -1.42423,-0.600332 -0.98467,-0.864552 -1.8389,-1.160225 -3.68266,-1.27468 -1.36527,-0.08475 -1.73603,-0.18178 -2.28328,-0.597538 -0.53853,-0.409134 -0.90757,-0.509193 -2.10015,-0.569417 -1.01171,-0.05109 -1.59376,-0.179481 -1.9354,-0.42692004 -0.84641,-0.613034 -2.05098,-0.766686 -3.56495,-0.454736 -1.276284,0.262973 -1.391884,0.25721 -2.101944,-0.1048 -1.000329,-0.509997 -1.966201,-0.482941 -3.388298,0.09491 -1.009305,0.410118 -1.360312,0.460884 -2.472172,0.357548 -1.178856,-0.109563 -1.408673,-0.06764 -2.545569,0.46437804 -0.982942,0.459975 -1.416188,0.562489 -2.029533,0.480221 -1.232602,-0.165326 -2.41392,0.272184 -3.557862,1.317684 -0.8886,0.812131 -1.121835,0.929331 -1.852607,0.930942 -0.703223,0.0015 -1.037831,0.153433 -2.106474,0.956152 -2.27629,1.709852 -4.314682,4.590771 -5.668644,8.0116611 l -0.705273,1.781926 -0.510528,-1.396817 c -0.982084,-2.686994 -2.468352,-5.1253671 -4.263709,-6.9950461 -1.589038,-1.654817 -2.727091,-2.359719 -3.809729,-2.359719 -0.758862,0 -0.948493,-0.09614 -1.700057,-0.86193 -1.07103,-1.091301 -2.150653,-1.52093 -3.49691,-1.391573 -0.863518,0.08297 -1.163024,0.01434 -2.064857,-0.473078 -0.974128,-0.52650504 -1.160188,-0.56165604 -2.431744,-0.45940904 -1.170386,0.09411 -1.566511,0.03935 -2.641045,-0.365101 -1.542325,-0.580529 -2.156097,-0.59396 -3.365613,-0.07364 -0.812169,0.349387 -1.026648,0.371903 -1.633823,0.171516 -1.262504,-0.416663 -2.807567,-0.312343 -3.828965,0.258528 -0.674213,0.37682504 -1.183456,0.51007904 -1.949306,0.51007904 -1.119499,0 -2.114218,0.32708 -2.533958,0.833207 -0.196953,0.237484 -0.586288,0.31734 -1.547198,0.31734 -1.677915,0 -3.123314,0.444207 -4.001725,1.229831 -0.59412,0.531362 -0.900194,0.6498 -1.907589,0.738156 -2.326707,0.204069 -3.504861,1.281068 -3.489493,3.18989 0.0048,0.590839 0.11814,1.331006 0.251962,1.644818 0.21543,0.50518 0.19273,0.659004 -0.198095,1.3423041 -0.623305,1.08975 -0.584787,2.233275 0.118172,3.508326 0.459114,0.83276 0.52751,1.114479 0.388365,1.599651 -0.284816,0.993094 0.09855,2.240327 1.089309,3.543929 0.329607,0.433683 0.450974,0.843141 0.450974,1.52146 0,1.143511 0.56381,2.365073 1.451209,3.144219 0.497171,0.436521 0.658567,0.731692 0.659925,1.206914 0.0029,1.00641 1.018347,2.551747 2.277319,3.465617 0.904148,0.656308 1.152819,0.958722 1.332784,1.620817 0.30774,1.132186 1.446565,2.216129 2.875866,2.737279 0.861579,0.314147 1.179038,0.531476 1.262583,0.864344 0.267803,1.067015 1.430908,1.986078 3.165253,2.501124 0.570976,0.169562 1.045855,0.469785 1.311579,0.829197 0.722551,0.977303 2.21802,1.405279 5.368627,1.536407 l 2.734585,0.113814 -0.869025,1.054668 c -1.993468,2.419314 -3.780351,5.579754 -4.803354,8.495634 l -0.525021,1.496476 -0.504128,-0.921203 c -2.507211,-4.581495 -6.640483,-7.723406 -11.857541,-9.013518 -1.917278,-0.474119 -6.007216,-0.424577 -7.935651,0.09612 -6.4846336,1.750935 -11.1877946,6.367047 -13.05183463,12.810265 -0.372414,1.287283 -0.437868,1.958907 -0.437202,4.486179 8.44e-4,3.181413 0.173257,4.157304 1.17992303,6.678365 0.919772,2.303448 1.984073,3.870114 3.995728,5.881768 3.428681,3.428685 6.9726936,5.009295 11.6972236,5.216905 2.733994,0.12014 4.938219,-0.22858 7.286795,-1.15282 3.284531,-1.292567 6.7197,-4.217305 8.663909,-7.376539 l 0.960346,-1.560511 0.630623,1.669453 c 1.076965,2.851058 2.711149,5.776465 4.360404,7.805697 1.029853,1.26713 3.677646,3.82795 4.94401,4.78162 3.65884,2.75538 8.36416,4.69901 12.751892,5.26744 1.808561,0.23429 5.042501,0.24019 6.858347,0.0125 z"
     id="path8"
     inkscape:connector-curvature="0" />
  <path
     style="opacity:0;fill:none;fill-opacity:1;stroke:none;stroke-width:0;stroke-miterlimit:4;stroke-dasharray:1.15235844, 0.19205974;stroke-dashoffset:0;stroke-opacity:1"
     d="m 55.235706,122.34863 c -9.323307,-0.95307 -15.98632,-2.56689 -23.37303,-5.66107 -22.7579846,-9.53298 -39.6207141,-30.188842 -44.319927,-54.289321 -1.060321,-5.437985 -1.318174,-8.236519 -1.329405,-14.428341 -0.01097,-6.049651 0.152597,-8.296266 0.949368,-13.039528 3.3520168,-19.954885 14.8905804,-37.8924801 31.688912,-49.262878 9.110062,-6.166389 18.868176,-10.093952 29.528303,-11.884907 4.555503,-0.765347 7.298582,-0.978152 12.608512,-0.978152 8.320038,0 14.693251,0.939808 22.33978,3.294271 11.192011,3.446164 21.365421,9.502663 29.891991,17.7955029 12.42606,12.08543 20.07759,27.5790881 22.20703,44.9671971 0.48781,3.983259 0.48382,13.76742 -0.007,17.545836 -2.65076,20.399578 -12.14737,37.418438 -27.89641,49.99312 -10.54061,8.41606 -22.921105,13.60263 -37.234979,15.59889 -2.113656,0.29478 -13.094066,0.54964 -15.052985,0.34938 z m 10.35492,-38.210102 c 9.195525,-2.04614 16.443727,-8.21833 19.875029,-16.924511 0.671775,-1.704489 0.870485,-2.050174 1.025755,-1.784496 2.68334,4.591366 5.86045,7.314427 10.29373,8.822617 3.94025,1.34046 8.86775,1.07715 12.74543,-0.68107 4.96499,-2.251239 8.76082,-6.851596 10.06782,-12.201714 0.51063,-2.090214 0.56332,-5.604543 0.1147,-7.649891 -1.51218,-6.89434 -6.67162,-12.118224 -13.66158,-13.832216 -2.00077,-0.490605 -6.03268,-0.439877 -8.05382,0.101332 -1.70648,0.456949 -4.22338,1.598696 -5.61072,2.545197 -1.98678,1.355467 -4.32546,3.911383 -5.55095,6.06657 l -0.57657,1.013961 -0.529505,-1.493356 c -1.03884,-2.929809 -2.768121,-5.918966 -4.920428,-8.505224 l -0.993882,-1.194271 1.133079,0.127084 c 1.592219,0.17858 5.306456,-0.165967 6.800976,-0.630885 0.7014,-0.218192 1.45544,-0.601901 1.70515,-0.867698 0.24621,-0.262087 1.00436,-0.661778 1.68476,-0.888199 1.42791,-0.47518 2.42811,-1.268472 2.7614,-2.190158 0.18356,-0.507623 0.41984,-0.715347 1.11027,-0.976082 1.74039,-0.657244 2.96007,-1.82081 3.18927,-3.04253 0.0722,-0.384708 0.3389,-0.750298 0.75584,-1.035994 1.64285,-1.125695 2.76671,-2.706437 2.77637,-3.905042 0.003,-0.356514 0.26649,-0.784567 0.83055,-1.348624 0.86975,-0.869752 1.36544,-2.100968 1.26236,-3.13553 -0.0387,-0.3882 0.17182,-0.894546 0.70179,-1.688085 0.70072,-1.049234 0.75974,-1.241797 0.79336,-2.58873 0.0285,-1.140075 0.14266,-1.659451 0.52734,-2.398527 0.60682,-1.165859 0.62199,-2.08867 0.0528,-3.212888 -0.40078,-0.7916551 -0.41546,-0.9210901 -0.17209,-1.5175161 0.16069,-0.393813 0.23545,-1.075128 0.18878,-1.720357 -0.13637,-1.885279 -1.20633,-2.808823 -3.48556,-3.008581 -0.97981,-0.08587 -1.29188,-0.207879 -1.88221,-0.735855 -0.87842,-0.785624 -2.32382,-1.229831 -4.00173,-1.229831 -0.96091,0 -1.35025,-0.07986 -1.5472,-0.31734 -0.42389,-0.511136 -1.41805,-0.833207 -2.5719,-0.833207 -0.81754,0 -1.28286,-0.122034 -1.94507,-0.51011904 -0.9759,-0.571912 -2.52573,-0.677469 -3.79526,-0.258488 -0.60717,0.200387 -0.82165,0.177871 -1.633819,-0.171516 -1.209516,-0.520319 -1.823289,-0.506888 -3.365614,0.07364 -1.074534,0.404454 -1.470659,0.459214 -2.641045,0.365101 -1.271555,-0.102247 -1.457616,-0.0671 -2.431744,0.45940904 -0.901832,0.487431 -1.201339,0.556052 -2.064857,0.473078 -1.327056,-0.127513 -2.431985,0.300751 -3.612655,1.400242 -0.780402,0.726745 -1.034738,0.853261 -1.715321,0.853261 -0.54017,0 -1.040715,0.161015 -1.544914,0.496967 -1.194058,0.795613 -3.096959,2.75331 -4.023868,4.139742 -0.891134,1.332921 -2.448612,4.4680691 -2.673981,5.3826351 -0.07147,0.290033 -0.18663,0.527333 -0.255909,0.527333 -0.06928,0 -0.284127,-0.453027 -0.477442,-1.006728 -1.655798,-4.7425951 -5.677363,-9.5399491 -7.997225,-9.5399491 -0.677806,0 -0.943028,-0.125463 -1.657585,-0.784118 -1.222862,-1.127197 -2.352689,-1.580662 -3.666767,-1.471688 -0.907566,0.07526 -1.218111,0.0055 -2.129154,-0.478048 -0.989109,-0.52502504 -1.1692,-0.55778304 -2.478526,-0.45083004 -1.17784,0.09621 -1.55933,0.04974 -2.301093,-0.280314 -1.406971,-0.626041 -2.523884,-0.686648 -3.544952,-0.192357 -0.762045,0.368899 -0.963391,0.392963 -1.677976,0.200546 -1.429115,-0.384822 -2.758702,-0.292122 -3.837445,0.26755 -0.701548,0.36397704 -1.263471,0.50465004 -2.015823,0.50465004 -1.12534,0 -2.119955,0.326215 -2.540412,0.833207 -0.196953,0.237484 -0.586288,0.31734 -1.547198,0.31734 -1.677915,0 -3.123314,0.444207 -4.001726,1.229831 -0.588777,0.526584 -0.903288,0.650053 -1.872092,0.734936 -0.640437,0.05611 -1.523757,0.28534 -1.962936,0.509393 -1.384315,0.706223 -1.958752,2.553915 -1.290918,4.152266 0.262154,0.627421 0.25007,0.725498 -0.191757,1.5564631 -0.620456,1.166915 -0.600208,2.080246 0.07455,3.362988 0.461373,0.877085 0.532494,1.202158 0.458424,2.095341 -0.09212,1.110828 0.239877,2.029702 1.202916,3.329344 0.321656,0.434084 0.40377,0.752376 0.334575,1.296879 -0.115139,0.906008 0.692159,2.653648 1.502598,3.252833 0.306669,0.226729 0.558059,0.590162 0.558648,0.807629 0.0035,1.303738 1.275473,3.205181 2.756265,4.12036 0.433116,0.26768 0.704932,0.635909 0.865832,1.172948 0.341703,1.140502 1.36987,2.170784 2.778912,2.784629 0.989865,0.431231 1.2552,0.644186 1.44024,1.155905 0.325452,0.900017 1.333292,1.699106 2.734368,2.168003 0.779588,0.260904 1.445231,0.642638 1.853585,1.062998 0.984866,1.01382 2.018896,1.289458 5.252092,1.400035 l 2.821136,0.09648 -0.929371,1.079084 c -2.011848,2.33594 -4.089676,6.009581 -4.921582,8.701456 -0.187413,0.606434 -0.389711,1.100139 -0.449551,1.097125 -0.05984,-0.003 -0.497109,-0.661016 -0.97171,-1.46222 -3.296703,-5.56539 -9.984069,-9.120592 -16.206258,-8.615727 -7.8186716,0.634404 -14.1921046,5.912412 -16.22842463,13.43919 -0.61277,2.264958 -0.611086,6.449448 0.0035,8.724882 1.67329803,6.195092 6.23383803,10.896795 12.39248663,12.77608 1.563231,0.47701 2.014866,0.52778 4.793945,0.53891 2.650063,0.0106 3.277153,-0.0477 4.602186,-0.4279 2.160299,-0.61987 4.734006,-1.93013 6.456812,-3.287126 1.592376,-1.254261 3.665218,-3.692511 4.508657,-5.303458 0.569112,-1.086991 0.714058,-1.137549 0.915242,-0.319248 0.243103,0.988807 1.62337,4.040514 2.492071,5.50986 4.204298,7.111272 11.224656,11.903762 19.383922,13.232542 2.38575,0.38853 7.256493,0.25553 9.580552,-0.26161 z"
     id="path4504"
     inkscape:connector-curvature="0" />
  <path
     style="opacity:0;fill:#666666;fill-opacity:0.22790701;stroke:none;stroke-width:0;stroke-miterlimit:4;stroke-dasharray:1.15235844, 0.19205974;stroke-dashoffset:0;stroke-opacity:1"
     d="m 55.235706,122.34863 c -9.323307,-0.95307 -15.98632,-2.56689 -23.37303,-5.66107 -22.7579846,-9.53298 -39.6207141,-30.188842 -44.319927,-54.289321 -1.060321,-5.437985 -1.318174,-8.236519 -1.329405,-14.428341 -0.01097,-6.049651 0.152597,-8.296266 0.949368,-13.039528 3.3520168,-19.954885 14.8905804,-37.8924801 31.688912,-49.262878 9.110062,-6.166389 18.868176,-10.093952 29.528303,-11.884907 4.555503,-0.765347 7.298582,-0.978152 12.608512,-0.978152 8.320038,0 14.693251,0.939808 22.33978,3.294271 11.192011,3.446164 21.365421,9.502663 29.891991,17.7955029 12.42606,12.08543 20.07759,27.5790881 22.20703,44.9671971 0.48781,3.983259 0.48382,13.76742 -0.007,17.545836 -2.65076,20.399578 -12.14737,37.418438 -27.89641,49.99312 -10.54061,8.41606 -22.921105,13.60263 -37.234979,15.59889 -2.113656,0.29478 -13.094066,0.54964 -15.052985,0.34938 z m 10.35492,-38.210102 c 9.195525,-2.04614 16.443727,-8.21833 19.875029,-16.924511 0.671775,-1.704489 0.870485,-2.050174 1.025755,-1.784496 2.68334,4.591366 5.86045,7.314427 10.29373,8.822617 3.94025,1.34046 8.86775,1.07715 12.74543,-0.68107 4.96499,-2.251239 8.76082,-6.851596 10.06782,-12.201714 0.51063,-2.090214 0.56332,-5.604543 0.1147,-7.649891 -1.51218,-6.89434 -6.67162,-12.118224 -13.66158,-13.832216 -2.00077,-0.490605 -6.03268,-0.439877 -8.05382,0.101332 -1.70648,0.456949 -4.22338,1.598696 -5.61072,2.545197 -1.98678,1.355467 -4.32546,3.911383 -5.55095,6.06657 l -0.57657,1.013961 -0.529505,-1.493356 c -1.03884,-2.929809 -2.768121,-5.918966 -4.920428,-8.505224 l -0.993882,-1.194271 1.133079,0.127084 c 1.592219,0.17858 5.306456,-0.165967 6.800976,-0.630885 0.7014,-0.218192 1.45544,-0.601901 1.70515,-0.867698 0.24621,-0.262087 1.00436,-0.661778 1.68476,-0.888199 1.42791,-0.47518 2.42811,-1.268472 2.7614,-2.190158 0.18356,-0.507623 0.41984,-0.715347 1.11027,-0.976082 1.74039,-0.657244 2.96007,-1.82081 3.18927,-3.04253 0.0722,-0.384708 0.3389,-0.750298 0.75584,-1.035994 1.64285,-1.125695 2.76671,-2.706437 2.77637,-3.905042 0.003,-0.356514 0.26649,-0.784567 0.83055,-1.348624 0.86975,-0.869752 1.36544,-2.100968 1.26236,-3.13553 -0.0387,-0.3882 0.17182,-0.894546 0.70179,-1.688085 0.70072,-1.049234 0.75974,-1.241797 0.79336,-2.58873 0.0285,-1.140075 0.14266,-1.659451 0.52734,-2.398527 0.60682,-1.165859 0.62199,-2.08867 0.0528,-3.212888 -0.40078,-0.7916551 -0.41546,-0.9210901 -0.17209,-1.5175161 0.16069,-0.393813 0.23545,-1.075128 0.18878,-1.720357 -0.13637,-1.885279 -1.20633,-2.808823 -3.48556,-3.008581 -0.97981,-0.08587 -1.29188,-0.207879 -1.88221,-0.735855 -0.87842,-0.785624 -2.32382,-1.229831 -4.00173,-1.229831 -0.96091,0 -1.35025,-0.07986 -1.5472,-0.31734 -0.42389,-0.511136 -1.41805,-0.833207 -2.5719,-0.833207 -0.81754,0 -1.28286,-0.122034 -1.94507,-0.51011904 -0.9759,-0.571912 -2.52573,-0.677469 -3.79526,-0.258488 -0.60717,0.200387 -0.82165,0.177871 -1.633819,-0.171516 -1.209516,-0.520319 -1.823289,-0.506888 -3.365614,0.07364 -1.074534,0.404454 -1.470659,0.459214 -2.641045,0.365101 -1.271555,-0.102247 -1.457616,-0.0671 -2.431744,0.45940904 -0.901832,0.487431 -1.201339,0.556052 -2.064857,0.473078 -1.327056,-0.127513 -2.431985,0.300751 -3.612655,1.400242 -0.780402,0.726745 -1.034738,0.853261 -1.715321,0.853261 -0.54017,0 -1.040715,0.161015 -1.544914,0.496967 -1.194058,0.795613 -3.096959,2.75331 -4.023868,4.139742 -0.891134,1.332921 -2.448612,4.4680691 -2.673981,5.3826351 -0.07147,0.290033 -0.18663,0.527333 -0.255909,0.527333 -0.06928,0 -0.284127,-0.453027 -0.477442,-1.006728 -1.655798,-4.7425951 -5.677363,-9.5399491 -7.997225,-9.5399491 -0.677806,0 -0.943028,-0.125463 -1.657585,-0.784118 -1.222862,-1.127197 -2.352689,-1.580662 -3.666767,-1.471688 -0.907566,0.07526 -1.218111,0.0055 -2.129154,-0.478048 -0.989109,-0.52502504 -1.1692,-0.55778304 -2.478526,-0.45083004 -1.17784,0.09621 -1.55933,0.04974 -2.301093,-0.280314 -1.406971,-0.626041 -2.523884,-0.686648 -3.544952,-0.192357 -0.762045,0.368899 -0.963391,0.392963 -1.677976,0.200546 -1.429115,-0.384822 -2.758702,-0.292122 -3.837445,0.26755 -0.701548,0.36397704 -1.263471,0.50465004 -2.015823,0.50465004 -1.12534,0 -2.119955,0.326215 -2.540412,0.833207 -0.196953,0.237484 -0.586288,0.31734 -1.547198,0.31734 -1.677915,0 -3.123314,0.444207 -4.001726,1.229831 -0.588777,0.526584 -0.903288,0.650053 -1.872092,0.734936 -0.640437,0.05611 -1.523757,0.28534 -1.962936,0.509393 -1.384315,0.706223 -1.958752,2.553915 -1.290918,4.152266 0.262154,0.627421 0.25007,0.725498 -0.191757,1.5564631 -0.620456,1.166915 -0.600208,2.080246 0.07455,3.362988 0.461373,0.877085 0.532494,1.202158 0.458424,2.095341 -0.09212,1.110828 0.239877,2.029702 1.202916,3.329344 0.321656,0.434084 0.40377,0.752376 0.334575,1.296879 -0.115139,0.906008 0.692159,2.653648 1.502598,3.252833 0.306669,0.226729 0.558059,0.590162 0.558648,0.807629 0.0035,1.303738 1.275473,3.205181 2.756265,4.12036 0.433116,0.26768 0.704932,0.635909 0.865832,1.172948 0.341703,1.140502 1.36987,2.170784 2.778912,2.784629 0.989865,0.431231 1.2552,0.644186 1.44024,1.155905 0.325452,0.900017 1.333292,1.699106 2.734368,2.168003 0.779588,0.260904 1.445231,0.642638 1.853585,1.062998 0.984866,1.01382 2.018896,1.289458 5.252092,1.400035 l 2.821136,0.09648 -0.929371,1.079084 c -2.011848,2.33594 -4.089676,6.009581 -4.921582,8.701456 -0.187413,0.606434 -0.389711,1.100139 -0.449551,1.097125 -0.05984,-0.003 -0.497109,-0.661016 -0.97171,-1.46222 -3.296703,-5.56539 -9.984069,-9.120592 -16.206258,-8.615727 -7.8186716,0.634404 -14.1921046,5.912412 -16.22842463,13.43919 -0.61277,2.264958 -0.611086,6.449448 0.0035,8.724882 1.67329803,6.195092 6.23383803,10.896795 12.39248663,12.77608 1.563231,0.47701 2.014866,0.52778 4.793945,0.53891 2.650063,0.0106 3.277153,-0.0477 4.602186,-0.4279 2.160299,-0.61987 4.734006,-1.93013 6.456812,-3.287126 1.592376,-1.254261 3.665218,-3.692511 4.508657,-5.303458 0.569112,-1.086991 0.714058,-1.137549 0.915242,-0.319248 0.243103,0.988807 1.62337,4.040514 2.492071,5.50986 4.204298,7.111272 11.224656,11.903762 19.383922,13.232542 2.38575,0.38853 7.256493,0.25553 9.580552,-0.26161 z"
     id="path4506"
     inkscape:connector-curvature="0" />
  <path
     style="opacity:0;fill:#666666;fill-opacity:0.22790701;stroke:none;stroke-width:0;stroke-miterlimit:4;stroke-dasharray:1.15235844, 0.19205974;stroke-dashoffset:0;stroke-opacity:1"
     d="m 55.235706,122.34863 c -9.323307,-0.95307 -15.98632,-2.56689 -23.37303,-5.66107 -22.7579846,-9.53298 -39.6207141,-30.188842 -44.319927,-54.289321 -1.060321,-5.437985 -1.318174,-8.236519 -1.329405,-14.428341 -0.01097,-6.049651 0.152597,-8.296266 0.949368,-13.039528 3.3520168,-19.954885 14.8905804,-37.8924801 31.688912,-49.262878 9.110062,-6.166389 18.868176,-10.093952 29.528303,-11.884907 4.555503,-0.765347 7.298582,-0.978152 12.608512,-0.978152 8.320038,0 14.693251,0.939808 22.33978,3.294271 11.192011,3.446164 21.365421,9.502663 29.891991,17.7955029 12.42606,12.08543 20.07759,27.5790881 22.20703,44.9671971 0.48781,3.983259 0.48382,13.76742 -0.007,17.545836 -2.65076,20.399578 -12.14737,37.418438 -27.89641,49.99312 -10.54061,8.41606 -22.921105,13.60263 -37.234979,15.59889 -2.113656,0.29478 -13.094066,0.54964 -15.052985,0.34938 z m 10.35492,-38.210102 c 9.195525,-2.04614 16.443727,-8.21833 19.875029,-16.924511 0.671775,-1.704489 0.870485,-2.050174 1.025755,-1.784496 2.68334,4.591366 5.86045,7.314427 10.29373,8.822617 3.94025,1.34046 8.86775,1.07715 12.74543,-0.68107 4.96499,-2.251239 8.76082,-6.851596 10.06782,-12.201714 0.51063,-2.090214 0.56332,-5.604543 0.1147,-7.649891 -1.51218,-6.89434 -6.67162,-12.118224 -13.66158,-13.832216 -2.00077,-0.490605 -6.03268,-0.439877 -8.05382,0.101332 -1.70648,0.456949 -4.22338,1.598696 -5.61072,2.545197 -1.98678,1.355467 -4.32546,3.911383 -5.55095,6.06657 l -0.57657,1.013961 -0.529505,-1.493356 c -1.03884,-2.929809 -2.768121,-5.918966 -4.920428,-8.505224 l -0.993882,-1.194271 1.133079,0.127084 c 1.592219,0.17858 5.306456,-0.165967 6.800976,-0.630885 0.7014,-0.218192 1.45544,-0.601901 1.70515,-0.867698 0.24621,-0.262087 1.00436,-0.661778 1.68476,-0.888199 1.42791,-0.47518 2.42811,-1.268472 2.7614,-2.190158 0.18356,-0.507623 0.41984,-0.715347 1.11027,-0.976082 1.74039,-0.657244 2.96007,-1.82081 3.18927,-3.04253 0.0722,-0.384708 0.3389,-0.750298 0.75584,-1.035994 1.64285,-1.125695 2.76671,-2.706437 2.77637,-3.905042 0.003,-0.356514 0.26649,-0.784567 0.83055,-1.348624 0.86975,-0.869752 1.36544,-2.100968 1.26236,-3.13553 -0.0387,-0.3882 0.17182,-0.894546 0.70179,-1.688085 0.70072,-1.049234 0.75974,-1.241797 0.79336,-2.58873 0.0285,-1.140075 0.14266,-1.659451 0.52734,-2.398527 0.60682,-1.165859 0.62199,-2.08867 0.0528,-3.212888 -0.40078,-0.7916551 -0.41546,-0.9210901 -0.17209,-1.5175161 0.16069,-0.393813 0.23545,-1.075128 0.18878,-1.720357 -0.13637,-1.885279 -1.20633,-2.808823 -3.48556,-3.008581 -0.97981,-0.08587 -1.29188,-0.207879 -1.88221,-0.735855 -0.87842,-0.785624 -2.32382,-1.229831 -4.00173,-1.229831 -0.96091,0 -1.35025,-0.07986 -1.5472,-0.31734 -0.42389,-0.511136 -1.41805,-0.833207 -2.5719,-0.833207 -0.81754,0 -1.28286,-0.122034 -1.94507,-0.51011904 -0.9759,-0.571912 -2.52573,-0.677469 -3.79526,-0.258488 -0.60717,0.200387 -0.82165,0.177871 -1.633819,-0.171516 -1.209516,-0.520319 -1.823289,-0.506888 -3.365614,0.07364 -1.074534,0.404454 -1.470659,0.459214 -2.641045,0.365101 -1.271555,-0.102247 -1.457616,-0.0671 -2.431744,0.45940904 -0.901832,0.487431 -1.201339,0.556052 -2.064857,0.473078 -1.327056,-0.127513 -2.431985,0.300751 -3.612655,1.400242 -0.780402,0.726745 -1.034738,0.853261 -1.715321,0.853261 -0.54017,0 -1.040715,0.161015 -1.544914,0.496967 -1.194058,0.795613 -3.096959,2.75331 -4.023868,4.139742 -0.891134,1.332921 -2.448612,4.4680691 -2.673981,5.3826351 -0.07147,0.290033 -0.18663,0.527333 -0.255909,0.527333 -0.06928,0 -0.284127,-0.453027 -0.477442,-1.006728 -1.655798,-4.7425951 -5.677363,-9.5399491 -7.997225,-9.5399491 -0.677806,0 -0.943028,-0.125463 -1.657585,-0.784118 -1.222862,-1.127197 -2.352689,-1.580662 -3.666767,-1.471688 -0.907566,0.07526 -1.218111,0.0055 -2.129154,-0.478048 -0.989109,-0.52502504 -1.1692,-0.55778304 -2.478526,-0.45083004 -1.17784,0.09621 -1.55933,0.04974 -2.301093,-0.280314 -1.406971,-0.626041 -2.523884,-0.686648 -3.544952,-0.192357 -0.762045,0.368899 -0.963391,0.392963 -1.677976,0.200546 -1.429115,-0.384822 -2.758702,-0.292122 -3.837445,0.26755 -0.701548,0.36397704 -1.263471,0.50465004 -2.015823,0.50465004 -1.12534,0 -2.119955,0.326215 -2.540412,0.833207 -0.196953,0.237484 -0.586288,0.31734 -1.547198,0.31734 -1.677915,0 -3.123314,0.444207 -4.001726,1.229831 -0.588777,0.526584 -0.903288,0.650053 -1.872092,0.734936 -0.640437,0.05611 -1.523757,0.28534 -1.962936,0.509393 -1.384315,0.706223 -1.958752,2.553915 -1.290918,4.152266 0.262154,0.627421 0.25007,0.725498 -0.191757,1.5564631 -0.620456,1.166915 -0.600208,2.080246 0.07455,3.362988 0.461373,0.877085 0.532494,1.202158 0.458424,2.095341 -0.09212,1.110828 0.239877,2.029702 1.202916,3.329344 0.321656,0.434084 0.40377,0.752376 0.334575,1.296879 -0.115139,0.906008 0.692159,2.653648 1.502598,3.252833 0.306669,0.226729 0.558059,0.590162 0.558648,0.807629 0.0035,1.303738 1.275473,3.205181 2.756265,4.12036 0.433116,0.26768 0.704932,0.635909 0.865832,1.172948 0.341703,1.140502 1.36987,2.170784 2.778912,2.784629 0.989865,0.431231 1.2552,0.644186 1.44024,1.155905 0.325452,0.900017 1.333292,1.699106 2.734368,2.168003 0.779588,0.260904 1.445231,0.642638 1.853585,1.062998 0.984866,1.01382 2.018896,1.289458 5.252092,1.400035 l 2.821136,0.09648 -0.929371,1.079084 c -2.011848,2.33594 -4.089676,6.009581 -4.921582,8.701456 -0.187413,0.606434 -0.389711,1.100139 -0.449551,1.097125 -0.05984,-0.003 -0.497109,-0.661016 -0.97171,-1.46222 -3.296703,-5.56539 -9.984069,-9.120592 -16.206258,-8.615727 -7.8186716,0.634404 -14.1921046,5.912412 -16.22842463,13.43919 -0.61277,2.264958 -0.611086,6.449448 0.0035,8.724882 1.67329803,6.195092 6.23383803,10.896795 12.39248663,12.77608 1.563231,0.47701 2.014866,0.52778 4.793945,0.53891 2.650063,0.0106 3.277153,-0.0477 4.602186,-0.4279 2.160299,-0.61987 4.734006,-1.93013 6.456812,-3.287126 1.592376,-1.254261 3.665218,-3.692511 4.508657,-5.303458 0.569112,-1.086991 0.714058,-1.137549 0.915242,-0.319248 0.243103,0.988807 1.62337,4.040514 2.492071,5.50986 4.204298,7.111272 11.224656,11.903762 19.383922,13.232542 2.38575,0.38853 7.256493,0.25553 9.580552,-0.26161 z"
     id="path4508"
     inkscape:connector-curvature="0" />
  <path
     style="opacity:0;fill:#666666;fill-opacity:0.02790701;stroke:none;stroke-width:0;stroke-miterlimit:4;stroke-dasharray:1.15235844, 0.19205974;stroke-dashoffset:0;stroke-opacity:1"
     d="m 55.235706,122.34863 c -9.323307,-0.95307 -15.98632,-2.56689 -23.37303,-5.66107 -22.7579846,-9.53298 -39.6207141,-30.188842 -44.319927,-54.289321 -1.060321,-5.437985 -1.318174,-8.236519 -1.329405,-14.428341 -0.01097,-6.049651 0.152597,-8.296266 0.949368,-13.039528 3.3520168,-19.954885 14.8905804,-37.8924801 31.688912,-49.262878 9.110062,-6.166389 18.868176,-10.093952 29.528303,-11.884907 4.555503,-0.765347 7.298582,-0.978152 12.608512,-0.978152 8.320038,0 14.693251,0.939808 22.33978,3.294271 11.192011,3.446164 21.365421,9.502663 29.891991,17.7955029 12.42606,12.08543 20.07759,27.5790881 22.20703,44.9671971 0.48781,3.983259 0.48382,13.76742 -0.007,17.545836 -2.65076,20.399578 -12.14737,37.418438 -27.89641,49.99312 -10.54061,8.41606 -22.921105,13.60263 -37.234979,15.59889 -2.113656,0.29478 -13.094066,0.54964 -15.052985,0.34938 z m 10.35492,-38.210102 c 9.195525,-2.04614 16.443727,-8.21833 19.875029,-16.924511 0.671775,-1.704489 0.870485,-2.050174 1.025755,-1.784496 2.68334,4.591366 5.86045,7.314427 10.29373,8.822617 3.94025,1.34046 8.86775,1.07715 12.74543,-0.68107 4.96499,-2.251239 8.76082,-6.851596 10.06782,-12.201714 0.51063,-2.090214 0.56332,-5.604543 0.1147,-7.649891 -1.51218,-6.89434 -6.67162,-12.118224 -13.66158,-13.832216 -2.00077,-0.490605 -6.03268,-0.439877 -8.05382,0.101332 -1.70648,0.456949 -4.22338,1.598696 -5.61072,2.545197 -1.98678,1.355467 -4.32546,3.911383 -5.55095,6.06657 l -0.57657,1.013961 -0.529505,-1.493356 c -1.03884,-2.929809 -2.768121,-5.918966 -4.920428,-8.505224 l -0.993882,-1.194271 1.133079,0.127084 c 1.592219,0.17858 5.306456,-0.165967 6.800976,-0.630885 0.7014,-0.218192 1.45544,-0.601901 1.70515,-0.867698 0.24621,-0.262087 1.00436,-0.661778 1.68476,-0.888199 1.42791,-0.47518 2.42811,-1.268472 2.7614,-2.190158 0.18356,-0.507623 0.41984,-0.715347 1.11027,-0.976082 1.74039,-0.657244 2.96007,-1.82081 3.18927,-3.04253 0.0722,-0.384708 0.3389,-0.750298 0.75584,-1.035994 1.64285,-1.125695 2.76671,-2.706437 2.77637,-3.905042 0.003,-0.356514 0.26649,-0.784567 0.83055,-1.348624 0.86975,-0.869752 1.36544,-2.100968 1.26236,-3.13553 -0.0387,-0.3882 0.17182,-0.894546 0.70179,-1.688085 0.70072,-1.049234 0.75974,-1.241797 0.79336,-2.58873 0.0285,-1.140075 0.14266,-1.659451 0.52734,-2.398527 0.60682,-1.165859 0.62199,-2.08867 0.0528,-3.212888 -0.40078,-0.7916551 -0.41546,-0.9210901 -0.17209,-1.5175161 0.16069,-0.393813 0.23545,-1.075128 0.18878,-1.720357 -0.13637,-1.885279 -1.20633,-2.808823 -3.48556,-3.008581 -0.97981,-0.08587 -1.29188,-0.207879 -1.88221,-0.735855 -0.87842,-0.785624 -2.32382,-1.229831 -4.00173,-1.229831 -0.96091,0 -1.35025,-0.07986 -1.5472,-0.31734 -0.42389,-0.511136 -1.41805,-0.833207 -2.5719,-0.833207 -0.81754,0 -1.28286,-0.122034 -1.94507,-0.51011904 -0.9759,-0.571912 -2.52573,-0.677469 -3.79526,-0.258488 -0.60717,0.200387 -0.82165,0.177871 -1.633819,-0.171516 -1.209516,-0.520319 -1.823289,-0.506888 -3.365614,0.07364 -1.074534,0.404454 -1.470659,0.459214 -2.641045,0.365101 -1.271555,-0.102247 -1.457616,-0.0671 -2.431744,0.45940904 -0.901832,0.487431 -1.201339,0.556052 -2.064857,0.473078 -1.327056,-0.127513 -2.431985,0.300751 -3.612655,1.400242 -0.780402,0.726745 -1.034738,0.853261 -1.715321,0.853261 -0.54017,0 -1.040715,0.161015 -1.544914,0.496967 -1.194058,0.795613 -3.096959,2.75331 -4.023868,4.139742 -0.891134,1.332921 -2.448612,4.4680691 -2.673981,5.3826351 -0.07147,0.290033 -0.18663,0.527333 -0.255909,0.527333 -0.06928,0 -0.284127,-0.453027 -0.477442,-1.006728 -1.655798,-4.7425951 -5.677363,-9.5399491 -7.997225,-9.5399491 -0.677806,0 -0.943028,-0.125463 -1.657585,-0.784118 -1.222862,-1.127197 -2.352689,-1.580662 -3.666767,-1.471688 -0.907566,0.07526 -1.218111,0.0055 -2.129154,-0.478048 -0.989109,-0.52502504 -1.1692,-0.55778304 -2.478526,-0.45083004 -1.17784,0.09621 -1.55933,0.04974 -2.301093,-0.280314 -1.406971,-0.626041 -2.523884,-0.686648 -3.544952,-0.192357 -0.762045,0.368899 -0.963391,0.392963 -1.677976,0.200546 -1.429115,-0.384822 -2.758702,-0.292122 -3.837445,0.26755 -0.701548,0.36397704 -1.263471,0.50465004 -2.015823,0.50465004 -1.12534,0 -2.119955,0.326215 -2.540412,0.833207 -0.196953,0.237484 -0.586288,0.31734 -1.547198,0.31734 -1.677915,0 -3.123314,0.444207 -4.001726,1.229831 -0.588777,0.526584 -0.903288,0.650053 -1.872092,0.734936 -0.640437,0.05611 -1.523757,0.28534 -1.962936,0.509393 -1.384315,0.706223 -1.958752,2.553915 -1.290918,4.152266 0.262154,0.627421 0.25007,0.725498 -0.191757,1.5564631 -0.620456,1.166915 -0.600208,2.080246 0.07455,3.362988 0.461373,0.877085 0.532494,1.202158 0.458424,2.095341 -0.09212,1.110828 0.239877,2.029702 1.202916,3.329344 0.321656,0.434084 0.40377,0.752376 0.334575,1.296879 -0.115139,0.906008 0.692159,2.653648 1.502598,3.252833 0.306669,0.226729 0.558059,0.590162 0.558648,0.807629 0.0035,1.303738 1.275473,3.205181 2.756265,4.12036 0.433116,0.26768 0.704932,0.635909 0.865832,1.172948 0.341703,1.140502 1.36987,2.170784 2.778912,2.784629 0.989865,0.431231 1.2552,0.644186 1.44024,1.155905 0.325452,0.900017 1.333292,1.699106 2.734368,2.168003 0.779588,0.260904 1.445231,0.642638 1.853585,1.062998 0.984866,1.01382 2.018896,1.289458 5.252092,1.400035 l 2.821136,0.09648 -0.929371,1.079084 c -2.011848,2.33594 -4.089676,6.009581 -4.921582,8.701456 -0.187413,0.606434 -0.389711,1.100139 -0.449551,1.097125 -0.05984,-0.003 -0.497109,-0.661016 -0.97171,-1.46222 -3.296703,-5.56539 -9.984069,-9.120592 -16.206258,-8.615727 -7.8186716,0.634404 -14.1921046,5.912412 -16.22842463,13.43919 -0.61277,2.264958 -0.611086,6.449448 0.0035,8.724882 1.67329803,6.195092 6.23383803,10.896795 12.39248663,12.77608 1.563231,0.47701 2.014866,0.52778 4.793945,0.53891 2.650063,0.0106 3.277153,-0.0477 4.602186,-0.4279 2.160299,-0.61987 4.734006,-1.93013 6.456812,-3.287126 1.592376,-1.254261 3.665218,-3.692511 4.508657,-5.303458 0.569112,-1.086991 0.714058,-1.137549 0.915242,-0.319248 0.243103,0.988807 1.62337,4.040514 2.492071,5.50986 4.204298,7.111272 11.224656,11.903762 19.383922,13.232542 2.38575,0.38853 7.256493,0.25553 9.580552,-0.26161 z"
     id="path4510"
     inkscape:connector-curvature="0" />
  <path
     style="opacity:0;fill:#414141;fill-opacity:0.02790701;stroke:none;stroke-width:0;stroke-miterlimit:4;stroke-dasharray:1.15235844, 0.19205974;stroke-dashoffset:0;stroke-opacity:1"
     d="m 55.235706,122.34863 c -9.323307,-0.95307 -15.98632,-2.56689 -23.37303,-5.66107 -22.7579846,-9.53298 -39.6207141,-30.188842 -44.319927,-54.289321 -1.060321,-5.437985 -1.318174,-8.236519 -1.329405,-14.428341 -0.01097,-6.049651 0.152597,-8.296266 0.949368,-13.039528 3.3520168,-19.954885 14.8905804,-37.8924801 31.688912,-49.262878 9.110062,-6.166389 18.868176,-10.093952 29.528303,-11.884907 4.555503,-0.765347 7.298582,-0.978152 12.608512,-0.978152 8.320038,0 14.693251,0.939808 22.33978,3.294271 11.192011,3.446164 21.365421,9.502663 29.891991,17.7955029 12.42606,12.08543 20.07759,27.5790881 22.20703,44.9671971 0.48781,3.983259 0.48382,13.76742 -0.007,17.545836 -2.65076,20.399578 -12.14737,37.418438 -27.89641,49.99312 -10.54061,8.41606 -22.921105,13.60263 -37.234979,15.59889 -2.113656,0.29478 -13.094066,0.54964 -15.052985,0.34938 z m 10.35492,-38.210102 c 9.195525,-2.04614 16.443727,-8.21833 19.875029,-16.924511 0.671775,-1.704489 0.870485,-2.050174 1.025755,-1.784496 2.68334,4.591366 5.86045,7.314427 10.29373,8.822617 3.94025,1.34046 8.86775,1.07715 12.74543,-0.68107 4.96499,-2.251239 8.76082,-6.851596 10.06782,-12.201714 0.51063,-2.090214 0.56332,-5.604543 0.1147,-7.649891 -1.51218,-6.89434 -6.67162,-12.118224 -13.66158,-13.832216 -2.00077,-0.490605 -6.03268,-0.439877 -8.05382,0.101332 -1.70648,0.456949 -4.22338,1.598696 -5.61072,2.545197 -1.98678,1.355467 -4.32546,3.911383 -5.55095,6.06657 l -0.57657,1.013961 -0.529505,-1.493356 c -1.03884,-2.929809 -2.768121,-5.918966 -4.920428,-8.505224 l -0.993882,-1.194271 1.133079,0.127084 c 1.592219,0.17858 5.306456,-0.165967 6.800976,-0.630885 0.7014,-0.218192 1.45544,-0.601901 1.70515,-0.867698 0.24621,-0.262087 1.00436,-0.661778 1.68476,-0.888199 1.42791,-0.47518 2.42811,-1.268472 2.7614,-2.190158 0.18356,-0.507623 0.41984,-0.715347 1.11027,-0.976082 1.74039,-0.657244 2.96007,-1.82081 3.18927,-3.04253 0.0722,-0.384708 0.3389,-0.750298 0.75584,-1.035994 1.64285,-1.125695 2.76671,-2.706437 2.77637,-3.905042 0.003,-0.356514 0.26649,-0.784567 0.83055,-1.348624 0.86975,-0.869752 1.36544,-2.100968 1.26236,-3.13553 -0.0387,-0.3882 0.17182,-0.894546 0.70179,-1.688085 0.70072,-1.049234 0.75974,-1.241797 0.79336,-2.58873 0.0285,-1.140075 0.14266,-1.659451 0.52734,-2.398527 0.60682,-1.165859 0.62199,-2.08867 0.0528,-3.212888 -0.40078,-0.7916551 -0.41546,-0.9210901 -0.17209,-1.5175161 0.16069,-0.393813 0.23545,-1.075128 0.18878,-1.720357 -0.13637,-1.885279 -1.20633,-2.808823 -3.48556,-3.008581 -0.97981,-0.08587 -1.29188,-0.207879 -1.88221,-0.735855 -0.87842,-0.785624 -2.32382,-1.229831 -4.00173,-1.229831 -0.96091,0 -1.35025,-0.07986 -1.5472,-0.31734 -0.42389,-0.511136 -1.41805,-0.833207 -2.5719,-0.833207 -0.81754,0 -1.28286,-0.122034 -1.94507,-0.51011904 -0.9759,-0.571912 -2.52573,-0.677469 -3.79526,-0.258488 -0.60717,0.200387 -0.82165,0.177871 -1.633819,-0.171516 -1.209516,-0.520319 -1.823289,-0.506888 -3.365614,0.07364 -1.074534,0.404454 -1.470659,0.459214 -2.641045,0.365101 -1.271555,-0.102247 -1.457616,-0.0671 -2.431744,0.45940904 -0.901832,0.487431 -1.201339,0.556052 -2.064857,0.473078 -1.327056,-0.127513 -2.431985,0.300751 -3.612655,1.400242 -0.780402,0.726745 -1.034738,0.853261 -1.715321,0.853261 -0.54017,0 -1.040715,0.161015 -1.544914,0.496967 -1.194058,0.795613 -3.096959,2.75331 -4.023868,4.139742 -0.891134,1.332921 -2.448612,4.4680691 -2.673981,5.3826351 -0.07147,0.290033 -0.18663,0.527333 -0.255909,0.527333 -0.06928,0 -0.284127,-0.453027 -0.477442,-1.006728 -1.655798,-4.7425951 -5.677363,-9.5399491 -7.997225,-9.5399491 -0.677806,0 -0.943028,-0.125463 -1.657585,-0.784118 -1.222862,-1.127197 -2.352689,-1.580662 -3.666767,-1.471688 -0.907566,0.07526 -1.218111,0.0055 -2.129154,-0.478048 -0.989109,-0.52502504 -1.1692,-0.55778304 -2.478526,-0.45083004 -1.17784,0.09621 -1.55933,0.04974 -2.301093,-0.280314 -1.406971,-0.626041 -2.523884,-0.686648 -3.544952,-0.192357 -0.762045,0.368899 -0.963391,0.392963 -1.677976,0.200546 -1.429115,-0.384822 -2.758702,-0.292122 -3.837445,0.26755 -0.701548,0.36397704 -1.263471,0.50465004 -2.015823,0.50465004 -1.12534,0 -2.119955,0.326215 -2.540412,0.833207 -0.196953,0.237484 -0.586288,0.31734 -1.547198,0.31734 -1.677915,0 -3.123314,0.444207 -4.001726,1.229831 -0.588777,0.526584 -0.903288,0.650053 -1.872092,0.734936 -0.640437,0.05611 -1.523757,0.28534 -1.962936,0.509393 -1.384315,0.706223 -1.958752,2.553915 -1.290918,4.152266 0.262154,0.627421 0.25007,0.725498 -0.191757,1.5564631 -0.620456,1.166915 -0.600208,2.080246 0.07455,3.362988 0.461373,0.877085 0.532494,1.202158 0.458424,2.095341 -0.09212,1.110828 0.239877,2.029702 1.202916,3.329344 0.321656,0.434084 0.40377,0.752376 0.334575,1.296879 -0.115139,0.906008 0.692159,2.653648 1.502598,3.252833 0.306669,0.226729 0.558059,0.590162 0.558648,0.807629 0.0035,1.303738 1.275473,3.205181 2.756265,4.12036 0.433116,0.26768 0.704932,0.635909 0.865832,1.172948 0.341703,1.140502 1.36987,2.170784 2.778912,2.784629 0.989865,0.431231 1.2552,0.644186 1.44024,1.155905 0.325452,0.900017 1.333292,1.699106 2.734368,2.168003 0.779588,0.260904 1.445231,0.642638 1.853585,1.062998 0.984866,1.01382 2.018896,1.289458 5.252092,1.400035 l 2.821136,0.09648 -0.929371,1.079084 c -2.011848,2.33594 -4.089676,6.009581 -4.921582,8.701456 -0.187413,0.606434 -0.389711,1.100139 -0.449551,1.097125 -0.05984,-0.003 -0.497109,-0.661016 -0.97171,-1.46222 -3.296703,-5.56539 -9.984069,-9.120592 -16.206258,-8.615727 -7.8186716,0.634404 -14.1921046,5.912412 -16.22842463,13.43919 -0.61277,2.264958 -0.611086,6.449448 0.0035,8.724882 1.67329803,6.195092 6.23383803,10.896795 12.39248663,12.77608 1.563231,0.47701 2.014866,0.52778 4.793945,0.53891 2.650063,0.0106 3.277153,-0.0477 4.602186,-0.4279 2.160299,-0.61987 4.734006,-1.93013 6.456812,-3.287126 1.592376,-1.254261 3.665218,-3.692511 4.508657,-5.303458 0.569112,-1.086991 0.714058,-1.137549 0.915242,-0.319248 0.243103,0.988807 1.62337,4.040514 2.492071,5.50986 4.204298,7.111272 11.224656,11.903762 19.383922,13.232542 2.38575,0.38853 7.256493,0.25553 9.580552,-0.26161 z"
     id="path4512"
     inkscape:connector-curvature="0" />
  <path
     style="opacity:0;fill:#414141;fill-opacity:0.02790701;stroke:none;stroke-width:0;stroke-miterlimit:4;stroke-dasharray:1.15235844, 0.19205974;stroke-dashoffset:0;stroke-opacity:1"
     d="m 55.235706,122.34863 c -9.323307,-0.95307 -15.98632,-2.56689 -23.37303,-5.66107 -22.7579846,-9.53298 -39.6207141,-30.188842 -44.319927,-54.289321 -1.060321,-5.437985 -1.318174,-8.236519 -1.329405,-14.428341 -0.01097,-6.049651 0.152597,-8.296266 0.949368,-13.039528 3.3520168,-19.954885 14.8905804,-37.8924801 31.688912,-49.262878 9.110062,-6.166389 18.868176,-10.093952 29.528303,-11.884907 4.555503,-0.765347 7.298582,-0.978152 12.608512,-0.978152 8.320038,0 14.693251,0.939808 22.33978,3.294271 11.192011,3.446164 21.365421,9.502663 29.891991,17.7955029 12.42606,12.08543 20.07759,27.5790881 22.20703,44.9671971 0.48781,3.983259 0.48382,13.76742 -0.007,17.545836 -2.65076,20.399578 -12.14737,37.418438 -27.89641,49.99312 -10.54061,8.41606 -22.921105,13.60263 -37.234979,15.59889 -2.113656,0.29478 -13.094066,0.54964 -15.052985,0.34938 z m 10.35492,-38.210102 c 9.195525,-2.04614 16.443727,-8.21833 19.875029,-16.924511 0.671775,-1.704489 0.870485,-2.050174 1.025755,-1.784496 2.68334,4.591366 5.86045,7.314427 10.29373,8.822617 3.94025,1.34046 8.86775,1.07715 12.74543,-0.68107 4.96499,-2.251239 8.76082,-6.851596 10.06782,-12.201714 0.51063,-2.090214 0.56332,-5.604543 0.1147,-7.649891 -1.51218,-6.89434 -6.67162,-12.118224 -13.66158,-13.832216 -2.00077,-0.490605 -6.03268,-0.439877 -8.05382,0.101332 -1.70648,0.456949 -4.22338,1.598696 -5.61072,2.545197 -1.98678,1.355467 -4.32546,3.911383 -5.55095,6.06657 l -0.57657,1.013961 -0.529505,-1.493356 c -1.03884,-2.929809 -2.768121,-5.918966 -4.920428,-8.505224 l -0.993882,-1.194271 1.133079,0.127084 c 1.592219,0.17858 5.306456,-0.165967 6.800976,-0.630885 0.7014,-0.218192 1.45544,-0.601901 1.70515,-0.867698 0.24621,-0.262087 1.00436,-0.661778 1.68476,-0.888199 1.42791,-0.47518 2.42811,-1.268472 2.7614,-2.190158 0.18356,-0.507623 0.41984,-0.715347 1.11027,-0.976082 1.74039,-0.657244 2.96007,-1.82081 3.18927,-3.04253 0.0722,-0.384708 0.3389,-0.750298 0.75584,-1.035994 1.64285,-1.125695 2.76671,-2.706437 2.77637,-3.905042 0.003,-0.356514 0.26649,-0.784567 0.83055,-1.348624 0.86975,-0.869752 1.36544,-2.100968 1.26236,-3.13553 -0.0387,-0.3882 0.17182,-0.894546 0.70179,-1.688085 0.70072,-1.049234 0.75974,-1.241797 0.79336,-2.58873 0.0285,-1.140075 0.14266,-1.659451 0.52734,-2.398527 0.60682,-1.165859 0.62199,-2.08867 0.0528,-3.212888 -0.40078,-0.7916551 -0.41546,-0.9210901 -0.17209,-1.5175161 0.16069,-0.393813 0.23545,-1.075128 0.18878,-1.720357 -0.13637,-1.885279 -1.20633,-2.808823 -3.48556,-3.008581 -0.97981,-0.08587 -1.29188,-0.207879 -1.88221,-0.735855 -0.87842,-0.785624 -2.32382,-1.229831 -4.00173,-1.229831 -0.96091,0 -1.35025,-0.07986 -1.5472,-0.31734 -0.42389,-0.511136 -1.41805,-0.833207 -2.5719,-0.833207 -0.81754,0 -1.28286,-0.122034 -1.94507,-0.51011904 -0.9759,-0.571912 -2.52573,-0.677469 -3.79526,-0.258488 -0.60717,0.200387 -0.82165,0.177871 -1.633819,-0.171516 -1.209516,-0.520319 -1.823289,-0.506888 -3.365614,0.07364 -1.074534,0.404454 -1.470659,0.459214 -2.641045,0.365101 -1.271555,-0.102247 -1.457616,-0.0671 -2.431744,0.45940904 -0.901832,0.487431 -1.201339,0.556052 -2.064857,0.473078 -1.327056,-0.127513 -2.431985,0.300751 -3.612655,1.400242 -0.780402,0.726745 -1.034738,0.853261 -1.715321,0.853261 -0.54017,0 -1.040715,0.161015 -1.544914,0.496967 -1.194058,0.795613 -3.096959,2.75331 -4.023868,4.139742 -0.891134,1.332921 -2.448612,4.4680691 -2.673981,5.3826351 -0.07147,0.290033 -0.18663,0.527333 -0.255909,0.527333 -0.06928,0 -0.284127,-0.453027 -0.477442,-1.006728 -1.655798,-4.7425951 -5.677363,-9.5399491 -7.997225,-9.5399491 -0.677806,0 -0.943028,-0.125463 -1.657585,-0.784118 -1.222862,-1.127197 -2.352689,-1.580662 -3.666767,-1.471688 -0.907566,0.07526 -1.218111,0.0055 -2.129154,-0.478048 -0.989109,-0.52502504 -1.1692,-0.55778304 -2.478526,-0.45083004 -1.17784,0.09621 -1.55933,0.04974 -2.301093,-0.280314 -1.406971,-0.626041 -2.523884,-0.686648 -3.544952,-0.192357 -0.762045,0.368899 -0.963391,0.392963 -1.677976,0.200546 -1.429115,-0.384822 -2.758702,-0.292122 -3.837445,0.26755 -0.701548,0.36397704 -1.263471,0.50465004 -2.015823,0.50465004 -1.12534,0 -2.119955,0.326215 -2.540412,0.833207 -0.196953,0.237484 -0.586288,0.31734 -1.547198,0.31734 -1.677915,0 -3.123314,0.444207 -4.001726,1.229831 -0.588777,0.526584 -0.903288,0.650053 -1.872092,0.734936 -0.640437,0.05611 -1.523757,0.28534 -1.962936,0.509393 -1.384315,0.706223 -1.958752,2.553915 -1.290918,4.152266 0.262154,0.627421 0.25007,0.725498 -0.191757,1.5564631 -0.620456,1.166915 -0.600208,2.080246 0.07455,3.362988 0.461373,0.877085 0.532494,1.202158 0.458424,2.095341 -0.09212,1.110828 0.239877,2.029702 1.202916,3.329344 0.321656,0.434084 0.40377,0.752376 0.334575,1.296879 -0.115139,0.906008 0.692159,2.653648 1.502598,3.252833 0.306669,0.226729 0.558059,0.590162 0.558648,0.807629 0.0035,1.303738 1.275473,3.205181 2.756265,4.12036 0.433116,0.26768 0.704932,0.635909 0.865832,1.172948 0.341703,1.140502 1.36987,2.170784 2.778912,2.784629 0.989865,0.431231 1.2552,0.644186 1.44024,1.155905 0.325452,0.900017 1.333292,1.699106 2.734368,2.168003 0.779588,0.260904 1.445231,0.642638 1.853585,1.062998 0.984866,1.01382 2.018896,1.289458 5.252092,1.400035 l 2.821136,0.09648 -0.929371,1.079084 c -2.011848,2.33594 -4.089676,6.009581 -4.921582,8.701456 -0.187413,0.606434 -0.389711,1.100139 -0.449551,1.097125 -0.05984,-0.003 -0.497109,-0.661016 -0.97171,-1.46222 -3.296703,-5.56539 -9.984069,-9.120592 -16.206258,-8.615727 -7.8186716,0.634404 -14.1921046,5.912412 -16.22842463,13.43919 -0.61277,2.264958 -0.611086,6.449448 0.0035,8.724882 1.67329803,6.195092 6.23383803,10.896795 12.39248663,12.77608 1.563231,0.47701 2.014866,0.52778 4.793945,0.53891 2.650063,0.0106 3.277153,-0.0477 4.602186,-0.4279 2.160299,-0.61987 4.734006,-1.93013 6.456812,-3.287126 1.592376,-1.254261 3.665218,-3.692511 4.508657,-5.303458 0.569112,-1.086991 0.714058,-1.137549 0.915242,-0.319248 0.243103,0.988807 1.62337,4.040514 2.492071,5.50986 4.204298,7.111272 11.224656,11.903762 19.383922,13.232542 2.38575,0.38853 7.256493,0.25553 9.580552,-0.26161 z"
     id="path4514"
     inkscape:connector-curvature="0" />
  <path
     style="opacity:0;fill:#414141;fill-opacity:0.02790701;stroke:none;stroke-width:0;stroke-miterlimit:4;stroke-dasharray:1.15235844, 0.19205974;stroke-dashoffset:0;stroke-opacity:1"
     d="m 55.235706,122.34863 c -9.323307,-0.95307 -15.98632,-2.56689 -23.37303,-5.66107 -22.7579846,-9.53298 -39.6207141,-30.188842 -44.319927,-54.289321 -1.060321,-5.437985 -1.318174,-8.236519 -1.329405,-14.428341 -0.01097,-6.049651 0.152597,-8.296266 0.949368,-13.039528 3.3520168,-19.954885 14.8905804,-37.8924801 31.688912,-49.262878 9.110062,-6.166389 18.868176,-10.093952 29.528303,-11.884907 4.555503,-0.765347 7.298582,-0.978152 12.608512,-0.978152 8.320038,0 14.693251,0.939808 22.33978,3.294271 11.192011,3.446164 21.365421,9.502663 29.891991,17.7955029 12.42606,12.08543 20.07759,27.5790881 22.20703,44.9671971 0.48781,3.983259 0.48382,13.76742 -0.007,17.545836 -2.65076,20.399578 -12.14737,37.418438 -27.89641,49.99312 -10.54061,8.41606 -22.921105,13.60263 -37.234979,15.59889 -2.113656,0.29478 -13.094066,0.54964 -15.052985,0.34938 z m 10.35492,-38.210102 c 9.195525,-2.04614 16.443727,-8.21833 19.875029,-16.924511 0.671775,-1.704489 0.870485,-2.050174 1.025755,-1.784496 2.68334,4.591366 5.86045,7.314427 10.29373,8.822617 3.94025,1.34046 8.86775,1.07715 12.74543,-0.68107 4.96499,-2.251239 8.76082,-6.851596 10.06782,-12.201714 0.51063,-2.090214 0.56332,-5.604543 0.1147,-7.649891 -1.51218,-6.89434 -6.67162,-12.118224 -13.66158,-13.832216 -2.00077,-0.490605 -6.03268,-0.439877 -8.05382,0.101332 -1.70648,0.456949 -4.22338,1.598696 -5.61072,2.545197 -1.98678,1.355467 -4.32546,3.911383 -5.55095,6.06657 l -0.57657,1.013961 -0.529505,-1.493356 c -1.03884,-2.929809 -2.768121,-5.918966 -4.920428,-8.505224 l -0.993882,-1.194271 1.133079,0.127084 c 1.592219,0.17858 5.306456,-0.165967 6.800976,-0.630885 0.7014,-0.218192 1.45544,-0.601901 1.70515,-0.867698 0.24621,-0.262087 1.00436,-0.661778 1.68476,-0.888199 1.42791,-0.47518 2.42811,-1.268472 2.7614,-2.190158 0.18356,-0.507623 0.41984,-0.715347 1.11027,-0.976082 1.74039,-0.657244 2.96007,-1.82081 3.18927,-3.04253 0.0722,-0.384708 0.3389,-0.750298 0.75584,-1.035994 1.64285,-1.125695 2.76671,-2.706437 2.77637,-3.905042 0.003,-0.356514 0.26649,-0.784567 0.83055,-1.348624 0.86975,-0.869752 1.36544,-2.100968 1.26236,-3.13553 -0.0387,-0.3882 0.17182,-0.894546 0.70179,-1.688085 0.70072,-1.049234 0.75974,-1.241797 0.79336,-2.58873 0.0285,-1.140075 0.14266,-1.659451 0.52734,-2.398527 0.60682,-1.165859 0.62199,-2.08867 0.0528,-3.212888 -0.40078,-0.7916551 -0.41546,-0.9210901 -0.17209,-1.5175161 0.16069,-0.393813 0.23545,-1.075128 0.18878,-1.720357 -0.13637,-1.885279 -1.20633,-2.808823 -3.48556,-3.008581 -0.97981,-0.08587 -1.29188,-0.207879 -1.88221,-0.735855 -0.87842,-0.785624 -2.32382,-1.229831 -4.00173,-1.229831 -0.96091,0 -1.35025,-0.07986 -1.5472,-0.31734 -0.42389,-0.511136 -1.41805,-0.833207 -2.5719,-0.833207 -0.81754,0 -1.28286,-0.122034 -1.94507,-0.51011904 -0.9759,-0.571912 -2.52573,-0.677469 -3.79526,-0.258488 -0.60717,0.200387 -0.82165,0.177871 -1.633819,-0.171516 -1.209516,-0.520319 -1.823289,-0.506888 -3.365614,0.07364 -1.074534,0.404454 -1.470659,0.459214 -2.641045,0.365101 -1.271555,-0.102247 -1.457616,-0.0671 -2.431744,0.45940904 -0.901832,0.487431 -1.201339,0.556052 -2.064857,0.473078 -1.327056,-0.127513 -2.431985,0.300751 -3.612655,1.400242 -0.780402,0.726745 -1.034738,0.853261 -1.715321,0.853261 -0.54017,0 -1.040715,0.161015 -1.544914,0.496967 -1.194058,0.795613 -3.096959,2.75331 -4.023868,4.139742 -0.891134,1.332921 -2.448612,4.4680691 -2.673981,5.3826351 -0.07147,0.290033 -0.18663,0.527333 -0.255909,0.527333 -0.06928,0 -0.284127,-0.453027 -0.477442,-1.006728 -1.655798,-4.7425951 -5.677363,-9.5399491 -7.997225,-9.5399491 -0.677806,0 -0.943028,-0.125463 -1.657585,-0.784118 -1.222862,-1.127197 -2.352689,-1.580662 -3.666767,-1.471688 -0.907566,0.07526 -1.218111,0.0055 -2.129154,-0.478048 -0.989109,-0.52502504 -1.1692,-0.55778304 -2.478526,-0.45083004 -1.17784,0.09621 -1.55933,0.04974 -2.301093,-0.280314 -1.406971,-0.626041 -2.523884,-0.686648 -3.544952,-0.192357 -0.762045,0.368899 -0.963391,0.392963 -1.677976,0.200546 -1.429115,-0.384822 -2.758702,-0.292122 -3.837445,0.26755 -0.701548,0.36397704 -1.263471,0.50465004 -2.015823,0.50465004 -1.12534,0 -2.119955,0.326215 -2.540412,0.833207 -0.196953,0.237484 -0.586288,0.31734 -1.547198,0.31734 -1.677915,0 -3.123314,0.444207 -4.001726,1.229831 -0.588777,0.526584 -0.903288,0.650053 -1.872092,0.734936 -0.640437,0.05611 -1.523757,0.28534 -1.962936,0.509393 -1.384315,0.706223 -1.958752,2.553915 -1.290918,4.152266 0.262154,0.627421 0.25007,0.725498 -0.191757,1.5564631 -0.620456,1.166915 -0.600208,2.080246 0.07455,3.362988 0.461373,0.877085 0.532494,1.202158 0.458424,2.095341 -0.09212,1.110828 0.239877,2.029702 1.202916,3.329344 0.321656,0.434084 0.40377,0.752376 0.334575,1.296879 -0.115139,0.906008 0.692159,2.653648 1.502598,3.252833 0.306669,0.226729 0.558059,0.590162 0.558648,0.807629 0.0035,1.303738 1.275473,3.205181 2.756265,4.12036 0.433116,0.26768 0.704932,0.635909 0.865832,1.172948 0.341703,1.140502 1.36987,2.170784 2.778912,2.784629 0.989865,0.431231 1.2552,0.644186 1.44024,1.155905 0.325452,0.900017 1.333292,1.699106 2.734368,2.168003 0.779588,0.260904 1.445231,0.642638 1.853585,1.062998 0.984866,1.01382 2.018896,1.289458 5.252092,1.400035 l 2.821136,0.09648 -0.929371,1.079084 c -2.011848,2.33594 -4.089676,6.009581 -4.921582,8.701456 -0.187413,0.606434 -0.389711,1.100139 -0.449551,1.097125 -0.05984,-0.003 -0.497109,-0.661016 -0.97171,-1.46222 -3.296703,-5.56539 -9.984069,-9.120592 -16.206258,-8.615727 -7.8186716,0.634404 -14.1921046,5.912412 -16.22842463,13.43919 -0.61277,2.264958 -0.611086,6.449448 0.0035,8.724882 1.67329803,6.195092 6.23383803,10.896795 12.39248663,12.77608 1.563231,0.47701 2.014866,0.52778 4.793945,0.53891 2.650063,0.0106 3.277153,-0.0477 4.602186,-0.4279 2.160299,-0.61987 4.734006,-1.93013 6.456812,-3.287126 1.592376,-1.254261 3.665218,-3.692511 4.508657,-5.303458 0.569112,-1.086991 0.714058,-1.137549 0.915242,-0.319248 0.243103,0.988807 1.62337,4.040514 2.492071,5.50986 4.204298,7.111272 11.224656,11.903762 19.383922,13.232542 2.38575,0.38853 7.256493,0.25553 9.580552,-0.26161 z"
     id="path4516"
     inkscape:connector-curvature="0" />
  <path
     style="opacity:0;fill:#414141;fill-opacity:0.02790701;stroke:none;stroke-width:0;stroke-miterlimit:4;stroke-dasharray:1.15235844, 0.19205974;stroke-dashoffset:0;stroke-opacity:1"
     d="m 55.235706,122.34863 c -9.323307,-0.95307 -15.98632,-2.56689 -23.37303,-5.66107 -22.7579846,-9.53298 -39.6207141,-30.188842 -44.319927,-54.289321 -1.060321,-5.437985 -1.318174,-8.236519 -1.329405,-14.428341 -0.01097,-6.049651 0.152597,-8.296266 0.949368,-13.039528 3.3520168,-19.954885 14.8905804,-37.8924801 31.688912,-49.262878 9.110062,-6.166389 18.868176,-10.093952 29.528303,-11.884907 4.555503,-0.765347 7.298582,-0.978152 12.608512,-0.978152 8.320038,0 14.693251,0.939808 22.33978,3.294271 11.192011,3.446164 21.365421,9.502663 29.891991,17.7955029 12.42606,12.08543 20.07759,27.5790881 22.20703,44.9671971 0.48781,3.983259 0.48382,13.76742 -0.007,17.545836 -2.65076,20.399578 -12.14737,37.418438 -27.89641,49.99312 -10.54061,8.41606 -22.921105,13.60263 -37.234979,15.59889 -2.113656,0.29478 -13.094066,0.54964 -15.052985,0.34938 z m 10.35492,-38.210102 c 9.195525,-2.04614 16.443727,-8.21833 19.875029,-16.924511 0.671775,-1.704489 0.870485,-2.050174 1.025755,-1.784496 2.68334,4.591366 5.86045,7.314427 10.29373,8.822617 3.94025,1.34046 8.86775,1.07715 12.74543,-0.68107 4.96499,-2.251239 8.76082,-6.851596 10.06782,-12.201714 0.51063,-2.090214 0.56332,-5.604543 0.1147,-7.649891 -1.51218,-6.89434 -6.67162,-12.118224 -13.66158,-13.832216 -2.00077,-0.490605 -6.03268,-0.439877 -8.05382,0.101332 -1.70648,0.456949 -4.22338,1.598696 -5.61072,2.545197 -1.98678,1.355467 -4.32546,3.911383 -5.55095,6.06657 l -0.57657,1.013961 -0.529505,-1.493356 c -1.03884,-2.929809 -2.768121,-5.918966 -4.920428,-8.505224 l -0.993882,-1.194271 1.133079,0.127084 c 1.592219,0.17858 5.306456,-0.165967 6.800976,-0.630885 0.7014,-0.218192 1.45544,-0.601901 1.70515,-0.867698 0.24621,-0.262087 1.00436,-0.661778 1.68476,-0.888199 1.42791,-0.47518 2.42811,-1.268472 2.7614,-2.190158 0.18356,-0.507623 0.41984,-0.715347 1.11027,-0.976082 1.74039,-0.657244 2.96007,-1.82081 3.18927,-3.04253 0.0722,-0.384708 0.3389,-0.750298 0.75584,-1.035994 1.64285,-1.125695 2.76671,-2.706437 2.77637,-3.905042 0.003,-0.356514 0.26649,-0.784567 0.83055,-1.348624 0.86975,-0.869752 1.36544,-2.100968 1.26236,-3.13553 -0.0387,-0.3882 0.17182,-0.894546 0.70179,-1.688085 0.70072,-1.049234 0.75974,-1.241797 0.79336,-2.58873 0.0285,-1.140075 0.14266,-1.659451 0.52734,-2.398527 0.60682,-1.165859 0.62199,-2.08867 0.0528,-3.212888 -0.40078,-0.7916551 -0.41546,-0.9210901 -0.17209,-1.5175161 0.16069,-0.393813 0.23545,-1.075128 0.18878,-1.720357 -0.13637,-1.885279 -1.20633,-2.808823 -3.48556,-3.008581 -0.97981,-0.08587 -1.29188,-0.207879 -1.88221,-0.735855 -0.87842,-0.785624 -2.32382,-1.229831 -4.00173,-1.229831 -0.96091,0 -1.35025,-0.07986 -1.5472,-0.31734 -0.42389,-0.511136 -1.41805,-0.833207 -2.5719,-0.833207 -0.81754,0 -1.28286,-0.122034 -1.94507,-0.51011904 -0.9759,-0.571912 -2.52573,-0.677469 -3.79526,-0.258488 -0.60717,0.200387 -0.82165,0.177871 -1.633819,-0.171516 -1.209516,-0.520319 -1.823289,-0.506888 -3.365614,0.07364 -1.074534,0.404454 -1.470659,0.459214 -2.641045,0.365101 -1.271555,-0.102247 -1.457616,-0.0671 -2.431744,0.45940904 -0.901832,0.487431 -1.201339,0.556052 -2.064857,0.473078 -1.327056,-0.127513 -2.431985,0.300751 -3.612655,1.400242 -0.780402,0.726745 -1.034738,0.853261 -1.715321,0.853261 -0.54017,0 -1.040715,0.161015 -1.544914,0.496967 -1.194058,0.795613 -3.096959,2.75331 -4.023868,4.139742 -0.891134,1.332921 -2.448612,4.4680691 -2.673981,5.3826351 -0.07147,0.290033 -0.18663,0.527333 -0.255909,0.527333 -0.06928,0 -0.284127,-0.453027 -0.477442,-1.006728 -1.655798,-4.7425951 -5.677363,-9.5399491 -7.997225,-9.5399491 -0.677806,0 -0.943028,-0.125463 -1.657585,-0.784118 -1.222862,-1.127197 -2.352689,-1.580662 -3.666767,-1.471688 -0.907566,0.07526 -1.218111,0.0055 -2.129154,-0.478048 -0.989109,-0.52502504 -1.1692,-0.55778304 -2.478526,-0.45083004 -1.17784,0.09621 -1.55933,0.04974 -2.301093,-0.280314 -1.406971,-0.626041 -2.523884,-0.686648 -3.544952,-0.192357 -0.762045,0.368899 -0.963391,0.392963 -1.677976,0.200546 -1.429115,-0.384822 -2.758702,-0.292122 -3.837445,0.26755 -0.701548,0.36397704 -1.263471,0.50465004 -2.015823,0.50465004 -1.12534,0 -2.119955,0.326215 -2.540412,0.833207 -0.196953,0.237484 -0.586288,0.31734 -1.547198,0.31734 -1.677915,0 -3.123314,0.444207 -4.001726,1.229831 -0.588777,0.526584 -0.903288,0.650053 -1.872092,0.734936 -0.640437,0.05611 -1.523757,0.28534 -1.962936,0.509393 -1.384315,0.706223 -1.958752,2.553915 -1.290918,4.152266 0.262154,0.627421 0.25007,0.725498 -0.191757,1.5564631 -0.620456,1.166915 -0.600208,2.080246 0.07455,3.362988 0.461373,0.877085 0.532494,1.202158 0.458424,2.095341 -0.09212,1.110828 0.239877,2.029702 1.202916,3.329344 0.321656,0.434084 0.40377,0.752376 0.334575,1.296879 -0.115139,0.906008 0.692159,2.653648 1.502598,3.252833 0.306669,0.226729 0.558059,0.590162 0.558648,0.807629 0.0035,1.303738 1.275473,3.205181 2.756265,4.12036 0.433116,0.26768 0.704932,0.635909 0.865832,1.172948 0.341703,1.140502 1.36987,2.170784 2.778912,2.784629 0.989865,0.431231 1.2552,0.644186 1.44024,1.155905 0.325452,0.900017 1.333292,1.699106 2.734368,2.168003 0.779588,0.260904 1.445231,0.642638 1.853585,1.062998 0.984866,1.01382 2.018896,1.289458 5.252092,1.400035 l 2.821136,0.09648 -0.929371,1.079084 c -2.011848,2.33594 -4.089676,6.009581 -4.921582,8.701456 -0.187413,0.606434 -0.389711,1.100139 -0.449551,1.097125 -0.05984,-0.003 -0.497109,-0.661016 -0.97171,-1.46222 -3.296703,-5.56539 -9.984069,-9.120592 -16.206258,-8.615727 -7.8186716,0.634404 -14.1921046,5.912412 -16.22842463,13.43919 -0.61277,2.264958 -0.611086,6.449448 0.0035,8.724882 1.67329803,6.195092 6.23383803,10.896795 12.39248663,12.77608 1.563231,0.47701 2.014866,0.52778 4.793945,0.53891 2.650063,0.0106 3.277153,-0.0477 4.602186,-0.4279 2.160299,-0.61987 4.734006,-1.93013 6.456812,-3.287126 1.592376,-1.254261 3.665218,-3.692511 4.508657,-5.303458 0.569112,-1.086991 0.714058,-1.137549 0.915242,-0.319248 0.243103,0.988807 1.62337,4.040514 2.492071,5.50986 4.204298,7.111272 11.224656,11.903762 19.383922,13.232542 2.38575,0.38853 7.256493,0.25553 9.580552,-0.26161 z"
     id="path4518"
     inkscape:connector-curvature="0" />
  <path
     style="opacity:0;fill:#414141;fill-opacity:0.02790701;stroke:none;stroke-width:0;stroke-miterlimit:4;stroke-dasharray:1.15235844, 0.19205974;stroke-dashoffset:0;stroke-opacity:1"
     d="m 55.235706,122.34863 c -9.323307,-0.95307 -15.98632,-2.56689 -23.37303,-5.66107 -22.7579846,-9.53298 -39.6207141,-30.188842 -44.319927,-54.289321 -1.060321,-5.437985 -1.318174,-8.236519 -1.329405,-14.428341 -0.01097,-6.049651 0.152597,-8.296266 0.949368,-13.039528 3.3520168,-19.954885 14.8905804,-37.8924801 31.688912,-49.262878 9.110062,-6.166389 18.868176,-10.093952 29.528303,-11.884907 4.555503,-0.765347 7.298582,-0.978152 12.608512,-0.978152 8.320038,0 14.693251,0.939808 22.33978,3.294271 11.192011,3.446164 21.365421,9.502663 29.891991,17.7955029 12.42606,12.08543 20.07759,27.5790881 22.20703,44.9671971 0.48781,3.983259 0.48382,13.76742 -0.007,17.545836 -2.65076,20.399578 -12.14737,37.418438 -27.89641,49.99312 -10.54061,8.41606 -22.921105,13.60263 -37.234979,15.59889 -2.113656,0.29478 -13.094066,0.54964 -15.052985,0.34938 z m 10.35492,-38.210102 c 9.195525,-2.04614 16.443727,-8.21833 19.875029,-16.924511 0.671775,-1.704489 0.870485,-2.050174 1.025755,-1.784496 2.68334,4.591366 5.86045,7.314427 10.29373,8.822617 3.94025,1.34046 8.86775,1.07715 12.74543,-0.68107 4.96499,-2.251239 8.76082,-6.851596 10.06782,-12.201714 0.51063,-2.090214 0.56332,-5.604543 0.1147,-7.649891 -1.51218,-6.89434 -6.67162,-12.118224 -13.66158,-13.832216 -2.00077,-0.490605 -6.03268,-0.439877 -8.05382,0.101332 -1.70648,0.456949 -4.22338,1.598696 -5.61072,2.545197 -1.98678,1.355467 -4.32546,3.911383 -5.55095,6.06657 l -0.57657,1.013961 -0.529505,-1.493356 c -1.03884,-2.929809 -2.768121,-5.918966 -4.920428,-8.505224 l -0.993882,-1.194271 1.133079,0.127084 c 1.592219,0.17858 5.306456,-0.165967 6.800976,-0.630885 0.7014,-0.218192 1.45544,-0.601901 1.70515,-0.867698 0.24621,-0.262087 1.00436,-0.661778 1.68476,-0.888199 1.42791,-0.47518 2.42811,-1.268472 2.7614,-2.190158 0.18356,-0.507623 0.41984,-0.715347 1.11027,-0.976082 1.74039,-0.657244 2.96007,-1.82081 3.18927,-3.04253 0.0722,-0.384708 0.3389,-0.750298 0.75584,-1.035994 1.64285,-1.125695 2.76671,-2.706437 2.77637,-3.905042 0.003,-0.356514 0.26649,-0.784567 0.83055,-1.348624 0.86975,-0.869752 1.36544,-2.100968 1.26236,-3.13553 -0.0387,-0.3882 0.17182,-0.894546 0.70179,-1.688085 0.70072,-1.049234 0.75974,-1.241797 0.79336,-2.58873 0.0285,-1.140075 0.14266,-1.659451 0.52734,-2.398527 0.60682,-1.165859 0.62199,-2.08867 0.0528,-3.212888 -0.40078,-0.7916551 -0.41546,-0.9210901 -0.17209,-1.5175161 0.16069,-0.393813 0.23545,-1.075128 0.18878,-1.720357 -0.13637,-1.885279 -1.20633,-2.808823 -3.48556,-3.008581 -0.97981,-0.08587 -1.29188,-0.207879 -1.88221,-0.735855 -0.87842,-0.785624 -2.32382,-1.229831 -4.00173,-1.229831 -0.96091,0 -1.35025,-0.07986 -1.5472,-0.31734 -0.42389,-0.511136 -1.41805,-0.833207 -2.5719,-0.833207 -0.81754,0 -1.28286,-0.122034 -1.94507,-0.51011904 -0.9759,-0.571912 -2.52573,-0.677469 -3.79526,-0.258488 -0.60717,0.200387 -0.82165,0.177871 -1.633819,-0.171516 -1.209516,-0.520319 -1.823289,-0.506888 -3.365614,0.07364 -1.074534,0.404454 -1.470659,0.459214 -2.641045,0.365101 -1.271555,-0.102247 -1.457616,-0.0671 -2.431744,0.45940904 -0.901832,0.487431 -1.201339,0.556052 -2.064857,0.473078 -1.327056,-0.127513 -2.431985,0.300751 -3.612655,1.400242 -0.780402,0.726745 -1.034738,0.853261 -1.715321,0.853261 -0.54017,0 -1.040715,0.161015 -1.544914,0.496967 -1.194058,0.795613 -3.096959,2.75331 -4.023868,4.139742 -0.891134,1.332921 -2.448612,4.4680691 -2.673981,5.3826351 -0.07147,0.290033 -0.18663,0.527333 -0.255909,0.527333 -0.06928,0 -0.284127,-0.453027 -0.477442,-1.006728 -1.655798,-4.7425951 -5.677363,-9.5399491 -7.997225,-9.5399491 -0.677806,0 -0.943028,-0.125463 -1.657585,-0.784118 -1.222862,-1.127197 -2.352689,-1.580662 -3.666767,-1.471688 -0.907566,0.07526 -1.218111,0.0055 -2.129154,-0.478048 -0.989109,-0.52502504 -1.1692,-0.55778304 -2.478526,-0.45083004 -1.17784,0.09621 -1.55933,0.04974 -2.301093,-0.280314 -1.406971,-0.626041 -2.523884,-0.686648 -3.544952,-0.192357 -0.762045,0.368899 -0.963391,0.392963 -1.677976,0.200546 -1.429115,-0.384822 -2.758702,-0.292122 -3.837445,0.26755 -0.701548,0.36397704 -1.263471,0.50465004 -2.015823,0.50465004 -1.12534,0 -2.119955,0.326215 -2.540412,0.833207 -0.196953,0.237484 -0.586288,0.31734 -1.547198,0.31734 -1.677915,0 -3.123314,0.444207 -4.001726,1.229831 -0.588777,0.526584 -0.903288,0.650053 -1.872092,0.734936 -0.640437,0.05611 -1.523757,0.28534 -1.962936,0.509393 -1.384315,0.706223 -1.958752,2.553915 -1.290918,4.152266 0.262154,0.627421 0.25007,0.725498 -0.191757,1.5564631 -0.620456,1.166915 -0.600208,2.080246 0.07455,3.362988 0.461373,0.877085 0.532494,1.202158 0.458424,2.095341 -0.09212,1.110828 0.239877,2.029702 1.202916,3.329344 0.321656,0.434084 0.40377,0.752376 0.334575,1.296879 -0.115139,0.906008 0.692159,2.653648 1.502598,3.252833 0.306669,0.226729 0.558059,0.590162 0.558648,0.807629 0.0035,1.303738 1.275473,3.205181 2.756265,4.12036 0.433116,0.26768 0.704932,0.635909 0.865832,1.172948 0.341703,1.140502 1.36987,2.170784 2.778912,2.784629 0.989865,0.431231 1.2552,0.644186 1.44024,1.155905 0.325452,0.900017 1.333292,1.699106 2.734368,2.168003 0.779588,0.260904 1.445231,0.642638 1.853585,1.062998 0.984866,1.01382 2.018896,1.289458 5.252092,1.400035 l 2.821136,0.09648 -0.929371,1.079084 c -2.011848,2.33594 -4.089676,6.009581 -4.921582,8.701456 -0.187413,0.606434 -0.389711,1.100139 -0.449551,1.097125 -0.05984,-0.003 -0.497109,-0.661016 -0.97171,-1.46222 -3.296703,-5.56539 -9.984069,-9.120592 -16.206258,-8.615727 -7.8186716,0.634404 -14.1921046,5.912412 -16.22842463,13.43919 -0.61277,2.264958 -0.611086,6.449448 0.0035,8.724882 1.67329803,6.195092 6.23383803,10.896795 12.39248663,12.77608 1.563231,0.47701 2.014866,0.52778 4.793945,0.53891 2.650063,0.0106 3.277153,-0.0477 4.602186,-0.4279 2.160299,-0.61987 4.734006,-1.93013 6.456812,-3.287126 1.592376,-1.254261 3.665218,-3.692511 4.508657,-5.303458 0.569112,-1.086991 0.714058,-1.137549 0.915242,-0.319248 0.243103,0.988807 1.62337,4.040514 2.492071,5.50986 4.204298,7.111272 11.224656,11.903762 19.383922,13.232542 2.38575,0.38853 7.256493,0.25553 9.580552,-0.26161 z"
     id="path4520"
     inkscape:connector-curvature="0" />
  <path
     style="opacity:0;fill:#414141;fill-opacity:0.02790701;stroke:none;stroke-width:0;stroke-miterlimit:4;stroke-dasharray:1.15235844, 0.19205974;stroke-dashoffset:0;stroke-opacity:1"
     d="m 55.235706,122.34863 c -9.323307,-0.95307 -15.98632,-2.56689 -23.37303,-5.66107 -22.7579846,-9.53298 -39.6207141,-30.188842 -44.319927,-54.289321 -1.060321,-5.437985 -1.318174,-8.236519 -1.329405,-14.428341 -0.01097,-6.049651 0.152597,-8.296266 0.949368,-13.039528 3.3520168,-19.954885 14.8905804,-37.8924801 31.688912,-49.262878 9.110062,-6.166389 18.868176,-10.093952 29.528303,-11.884907 4.555503,-0.765347 7.298582,-0.978152 12.608512,-0.978152 8.320038,0 14.693251,0.939808 22.33978,3.294271 11.192011,3.446164 21.365421,9.502663 29.891991,17.7955029 12.42606,12.08543 20.07759,27.5790881 22.20703,44.9671971 0.48781,3.983259 0.48382,13.76742 -0.007,17.545836 -2.65076,20.399578 -12.14737,37.418438 -27.89641,49.99312 -10.54061,8.41606 -22.921105,13.60263 -37.234979,15.59889 -2.113656,0.29478 -13.094066,0.54964 -15.052985,0.34938 z m 10.35492,-38.210102 c 9.195525,-2.04614 16.443727,-8.21833 19.875029,-16.924511 0.671775,-1.704489 0.870485,-2.050174 1.025755,-1.784496 2.68334,4.591366 5.86045,7.314427 10.29373,8.822617 3.94025,1.34046 8.86775,1.07715 12.74543,-0.68107 4.96499,-2.251239 8.76082,-6.851596 10.06782,-12.201714 0.51063,-2.090214 0.56332,-5.604543 0.1147,-7.649891 -1.51218,-6.89434 -6.67162,-12.118224 -13.66158,-13.832216 -2.00077,-0.490605 -6.03268,-0.439877 -8.05382,0.101332 -1.70648,0.456949 -4.22338,1.598696 -5.61072,2.545197 -1.98678,1.355467 -4.32546,3.911383 -5.55095,6.06657 l -0.57657,1.013961 -0.529505,-1.493356 c -1.03884,-2.929809 -2.768121,-5.918966 -4.920428,-8.505224 l -0.993882,-1.194271 1.133079,0.127084 c 1.592219,0.17858 5.306456,-0.165967 6.800976,-0.630885 0.7014,-0.218192 1.45544,-0.601901 1.70515,-0.867698 0.24621,-0.262087 1.00436,-0.661778 1.68476,-0.888199 1.42791,-0.47518 2.42811,-1.268472 2.7614,-2.190158 0.18356,-0.507623 0.41984,-0.715347 1.11027,-0.976082 1.74039,-0.657244 2.96007,-1.82081 3.18927,-3.04253 0.0722,-0.384708 0.3389,-0.750298 0.75584,-1.035994 1.64285,-1.125695 2.76671,-2.706437 2.77637,-3.905042 0.003,-0.356514 0.26649,-0.784567 0.83055,-1.348624 0.86975,-0.869752 1.36544,-2.100968 1.26236,-3.13553 -0.0387,-0.3882 0.17182,-0.894546 0.70179,-1.688085 0.70072,-1.049234 0.75974,-1.241797 0.79336,-2.58873 0.0285,-1.140075 0.14266,-1.659451 0.52734,-2.398527 0.60682,-1.165859 0.62199,-2.08867 0.0528,-3.212888 -0.40078,-0.7916551 -0.41546,-0.9210901 -0.17209,-1.5175161 0.16069,-0.393813 0.23545,-1.075128 0.18878,-1.720357 -0.13637,-1.885279 -1.20633,-2.808823 -3.48556,-3.008581 -0.97981,-0.08587 -1.29188,-0.207879 -1.88221,-0.735855 -0.87842,-0.785624 -2.32382,-1.229831 -4.00173,-1.229831 -0.96091,0 -1.35025,-0.07986 -1.5472,-0.31734 -0.42389,-0.511136 -1.41805,-0.833207 -2.5719,-0.833207 -0.81754,0 -1.28286,-0.122034 -1.94507,-0.51011904 -0.9759,-0.571912 -2.52573,-0.677469 -3.79526,-0.258488 -0.60717,0.200387 -0.82165,0.177871 -1.633819,-0.171516 -1.209516,-0.520319 -1.823289,-0.506888 -3.365614,0.07364 -1.074534,0.404454 -1.470659,0.459214 -2.641045,0.365101 -1.271555,-0.102247 -1.457616,-0.0671 -2.431744,0.45940904 -0.901832,0.487431 -1.201339,0.556052 -2.064857,0.473078 -1.327056,-0.127513 -2.431985,0.300751 -3.612655,1.400242 -0.780402,0.726745 -1.034738,0.853261 -1.715321,0.853261 -0.54017,0 -1.040715,0.161015 -1.544914,0.496967 -1.194058,0.795613 -3.096959,2.75331 -4.023868,4.139742 -0.891134,1.332921 -2.448612,4.4680691 -2.673981,5.3826351 -0.07147,0.290033 -0.18663,0.527333 -0.255909,0.527333 -0.06928,0 -0.284127,-0.453027 -0.477442,-1.006728 -1.655798,-4.7425951 -5.677363,-9.5399491 -7.997225,-9.5399491 -0.677806,0 -0.943028,-0.125463 -1.657585,-0.784118 -1.222862,-1.127197 -2.352689,-1.580662 -3.666767,-1.471688 -0.907566,0.07526 -1.218111,0.0055 -2.129154,-0.478048 -0.989109,-0.52502504 -1.1692,-0.55778304 -2.478526,-0.45083004 -1.17784,0.09621 -1.55933,0.04974 -2.301093,-0.280314 -1.406971,-0.626041 -2.523884,-0.686648 -3.544952,-0.192357 -0.762045,0.368899 -0.963391,0.392963 -1.677976,0.200546 -1.429115,-0.384822 -2.758702,-0.292122 -3.837445,0.26755 -0.701548,0.36397704 -1.263471,0.50465004 -2.015823,0.50465004 -1.12534,0 -2.119955,0.326215 -2.540412,0.833207 -0.196953,0.237484 -0.586288,0.31734 -1.547198,0.31734 -1.677915,0 -3.123314,0.444207 -4.001726,1.229831 -0.588777,0.526584 -0.903288,0.650053 -1.872092,0.734936 -0.640437,0.05611 -1.523757,0.28534 -1.962936,0.509393 -1.384315,0.706223 -1.958752,2.553915 -1.290918,4.152266 0.262154,0.627421 0.25007,0.725498 -0.191757,1.5564631 -0.620456,1.166915 -0.600208,2.080246 0.07455,3.362988 0.461373,0.877085 0.532494,1.202158 0.458424,2.095341 -0.09212,1.110828 0.239877,2.029702 1.202916,3.329344 0.321656,0.434084 0.40377,0.752376 0.334575,1.296879 -0.115139,0.906008 0.692159,2.653648 1.502598,3.252833 0.306669,0.226729 0.558059,0.590162 0.558648,0.807629 0.0035,1.303738 1.275473,3.205181 2.756265,4.12036 0.433116,0.26768 0.704932,0.635909 0.865832,1.172948 0.341703,1.140502 1.36987,2.170784 2.778912,2.784629 0.989865,0.431231 1.2552,0.644186 1.44024,1.155905 0.325452,0.900017 1.333292,1.699106 2.734368,2.168003 0.779588,0.260904 1.445231,0.642638 1.853585,1.062998 0.984866,1.01382 2.018896,1.289458 5.252092,1.400035 l 2.821136,0.09648 -0.929371,1.079084 c -2.011848,2.33594 -4.089676,6.009581 -4.921582,8.701456 -0.187413,0.606434 -0.389711,1.100139 -0.449551,1.097125 -0.05984,-0.003 -0.497109,-0.661016 -0.97171,-1.46222 -3.296703,-5.56539 -9.984069,-9.120592 -16.206258,-8.615727 -7.8186716,0.634404 -14.1921046,5.912412 -16.22842463,13.43919 -0.61277,2.264958 -0.611086,6.449448 0.0035,8.724882 1.67329803,6.195092 6.23383803,10.896795 12.39248663,12.77608 1.563231,0.47701 2.014866,0.52778 4.793945,0.53891 2.650063,0.0106 3.277153,-0.0477 4.602186,-0.4279 2.160299,-0.61987 4.734006,-1.93013 6.456812,-3.287126 1.592376,-1.254261 3.665218,-3.692511 4.508657,-5.303458 0.569112,-1.086991 0.714058,-1.137549 0.915242,-0.319248 0.243103,0.988807 1.62337,4.040514 2.492071,5.50986 4.204298,7.111272 11.224656,11.903762 19.383922,13.232542 2.38575,0.38853 7.256493,0.25553 9.580552,-0.26161 z"
     id="path4522"
     inkscape:connector-curvature="0" />
</svg>
