[48;5;32;38;5;32m▄▄▄▄▄▄▄▄▄▄▄▄▄▄▄▄▄▄▄▄▄▄▄▄▄▄▄▄▄▄▄▄▄▄▄▄▄▄▄▄▄▄▄▄▄▄▄▄▄▄▄▄▄▄▄▄▄▄▄▄[0m
[48;5;32;38;5;32m▄▄▄▄▄▄▄▄▄▄▄▄▄▄▄▄▄▄▄▄▄▄▄▄▄▄▄▄▄▄▄▄▄▄▄▄▄▄▄▄▄▄▄▄▄▄▄▄▄▄▄▄▄▄▄▄▄▄▄▄[0m
[48;5;32;38;5;32m▄▄▄▄▄▄▄▄▄▄▄▄▄▄▄▄▄▄▄▄▄▄▄▄▄▄▄▄▄▄▄▄▄▄▄▄▄▄▄▄▄▄▄▄▄▄▄▄▄▄▄▄▄▄▄▄▄▄▄▄[0m
[48;5;32;38;5;32m▄▄▄▄▄▄▄▄▄▄▄▄▄▄▄▄▄▄▄▄▄▄▄▄▄▄▄▄▄▄▄▄▄▄▄▄▄▄▄▄▄▄▄▄▄▄▄▄▄▄▄▄▄▄▄▄▄▄▄▄[0m
[48;5;32;38;5;32m▄▄▄▄▄▄▄▄▄▄▄▄▄▄▄▄▄▄▄▄▄▄▄▄▄▄▄▄▄▄▄▄▄▄▄▄▄▄▄▄▄▄▄▄▄▄▄▄▄▄▄▄▄▄▄▄▄▄▄▄[0m
[48;5;32;38;5;32m▄▄▄▄▄▄▄▄▄▄▄▄▄▄▄▄[38;5;74m▄[38;5;116m▄[38;5;195m▄[38;5;189m▄[38;5;231m▄[38;5;195m▄[38;5;153m▄[38;5;116m▄[38;5;74m▄[38;5;32m▄▄▄▄▄▄▄▄▄▄[38;5;74m▄[38;5;153m▄▄[38;5;231m▄[38;5;195m▄▄[38;5;189m▄[38;5;116m▄[38;5;74m▄[38;5;32m▄▄▄▄▄▄▄▄▄▄▄▄▄▄▄▄[0m
[48;5;32;38;5;32m▄▄▄▄▄▄▄▄▄▄▄▄[38;5;231m▄[48;5;74m▄[48;5;195m▄[48;5;231;38;5;74m▄▄[48;5;189m▄[48;5;195;38;5;32m▄[48;5;116m▄[48;5;189m▄[48;5;152m▄[48;5;231m▄[48;5;195m▄[48;5;231;38;5;74m▄[48;5;195;38;5;153m▄[48;5;74;38;5;231m▄[48;5;32;38;5;195m▄[38;5;32m▄▄▄[38;5;74m▄[48;5;68;38;5;231m▄[48;5;116m▄[48;5;231;38;5;116m▄[38;5;74m▄[48;5;189;38;5;32m▄[48;5;231m▄[48;5;152m▄[48;5;189m▄[48;5;152m▄[48;5;195m▄[38;5;74m▄[48;5;231m▄▄[48;5;153;38;5;231m▄[48;5;74m▄[48;5;32;38;5;195m▄[38;5;32m▄▄▄▄▄▄▄▄▄▄▄▄[0m
[48;5;32;38;5;32m▄▄▄▄▄▄▄▄▄▄▄[38;5;74m▄[48;5;231;38;5;231m▄[48;5;74;38;5;153m▄[48;5;32;38;5;32m▄▄▄▄▄▄▄▄▄▄▄▄[48;5;74m▄[48;5;195;38;5;74m▄[48;5;153;38;5;231m▄[48;5;32;38;5;74m▄[38;5;116m▄[48;5;231;38;5;231m▄[48;5;153;38;5;32m▄[48;5;74m▄[48;5;32m▄▄▄▄▄▄▄▄▄▄▄▄[48;5;152;38;5;195m▄[48;5;195;38;5;231m▄[48;5;32;38;5;32m▄▄▄▄▄▄▄▄▄▄▄▄[0m
[48;5;32;38;5;32m▄▄▄▄▄▄▄▄▄▄▄▄[48;5;231;38;5;231m▄[48;5;110;38;5;189m▄[48;5;32;38;5;32m▄▄▄▄[48;5;74m▄▄[48;5;32;38;5;110m▄▄[38;5;32m▄▄▄▄▄▄[48;5;153;38;5;74m▄[38;5;231m▄[48;5;231m▄[48;5;110;38;5;32m▄[48;5;32m▄▄▄▄▄▄[38;5;116m▄[38;5;74m▄[48;5;74;38;5;32m▄▄[48;5;32m▄▄▄[38;5;74m▄[48;5;153;38;5;195m▄[48;5;195;38;5;153m▄[48;5;32;38;5;32m▄▄▄▄▄▄▄▄▄▄▄▄[0m
[48;5;32;38;5;32m▄▄▄▄▄▄▄▄▄▄▄▄[48;5;116;38;5;74m▄[48;5;195;38;5;231m▄[48;5;74;38;5;110m▄[48;5;32;38;5;32m▄▄▄▄▄▄[48;5;68m▄[48;5;153m▄[48;5;110;38;5;110m▄[48;5;32;38;5;189m▄[38;5;68m▄[38;5;32m▄▄[48;5;74;38;5;110m▄[48;5;231;38;5;231m▄▄[48;5;32;38;5;74m▄[38;5;32m▄▄[38;5;74m▄[38;5;195m▄[48;5;116;38;5;74m▄[48;5;152;38;5;32m▄[48;5;32m▄▄▄▄▄▄▄[48;5;74;38;5;152m▄[48;5;231;38;5;231m▄[48;5;74;38;5;32m▄[48;5;32m▄▄▄▄▄▄▄▄▄▄▄▄[0m
[48;5;32;38;5;32m▄▄▄▄▄▄▄▄▄▄▄▄▄[48;5;189;38;5;74m▄[48;5;231;38;5;231m▄[48;5;74;38;5;110m▄[48;5;32;38;5;32m▄▄▄▄▄▄▄▄[48;5;74m▄[48;5;231;38;5;74m▄[48;5;74;38;5;231m▄▄[48;5;231m▄▄▄[48;5;189m▄[48;5;32m▄[48;5;116;38;5;189m▄[48;5;195;38;5;32m▄[48;5;32m▄▄▄▄▄▄▄▄▄[48;5;74;38;5;152m▄[48;5;231;38;5;195m▄[48;5;74;38;5;32m▄[48;5;32m▄▄▄▄▄▄▄▄▄▄▄▄▄[0m
[48;5;32;38;5;32m▄▄▄▄▄▄▄▄▄▄▄▄▄▄[48;5;74m▄[48;5;231;38;5;153m▄[48;5;152;38;5;231m▄[48;5;32;38;5;153m▄[38;5;32m▄▄▄▄▄▄▄[38;5;152m▄[48;5;231;38;5;231m▄▄▄▄▄▄▄[48;5;153m▄[48;5;32;38;5;74m▄[38;5;32m▄▄▄▄▄▄[38;5;74m▄[38;5;189m▄[48;5;189;38;5;231m▄[48;5;231;38;5;110m▄[48;5;32;38;5;32m▄▄▄▄▄▄▄▄▄▄▄▄▄▄▄[0m
[48;5;32;38;5;32m▄▄▄▄▄▄▄▄▄▄▄▄▄▄▄▄[48;5;74m▄[48;5;231;38;5;74m▄[48;5;153;38;5;189m▄[48;5;152;38;5;231m▄[48;5;32;38;5;195m▄[38;5;231m▄▄[48;5;74m▄[48;5;189m▄[48;5;231m▄▄▄▄▄▄▄▄▄▄[48;5;153m▄[48;5;74m▄[48;5;32m▄▄[48;5;74;38;5;195m▄[48;5;152;38;5;231m▄[48;5;189;38;5;116m▄[48;5;231;38;5;32m▄[48;5;32m▄▄▄▄▄▄▄▄▄▄▄▄▄▄▄▄▄[0m
[48;5;32;38;5;32m▄▄▄▄▄▄▄▄▄[38;5;110m▄[38;5;195m▄[38;5;231m▄[48;5;74m▄[48;5;32m▄▄[38;5;152m▄[38;5;32m▄▄▄[48;5;74m▄[38;5;74m▄[48;5;153;38;5;231m▄[48;5;231m▄▄▄▄[38;5;189m▄[38;5;74m▄[38;5;68m▄[38;5;32m▄▄[38;5;74m▄[38;5;153m▄[38;5;231m▄▄▄▄[48;5;189m▄[48;5;74;38;5;74m▄[38;5;32m▄[48;5;32m▄▄▄[38;5;116m▄[38;5;231m▄▄[48;5;74m▄[48;5;32m▄[38;5;195m▄[38;5;116m▄[38;5;32m▄▄▄▄▄▄▄▄▄▄[0m
[48;5;32;38;5;32m▄▄▄▄▄▄▄[38;5;195m▄[48;5;195;38;5;231m▄[48;5;231m▄▄▄▄▄▄▄▄[48;5;74m▄[48;5;32;38;5;74m▄▄[48;5;195;38;5;231m▄[48;5;231m▄▄▄[38;5;74m▄[48;5;74;38;5;32m▄[48;5;32m▄▄▄▄▄▄▄[48;5;74m▄[48;5;231;38;5;74m▄[38;5;231m▄▄▄▄[48;5;32;38;5;116m▄[38;5;32m▄[48;5;74;38;5;231m▄[48;5;231m▄▄▄▄▄▄▄▄▄[48;5;74;38;5;195m▄[48;5;32;38;5;32m▄▄▄▄▄▄▄▄[0m
[48;5;32;38;5;32m▄▄▄▄▄▄[48;5;116;38;5;231m▄[48;5;231m▄▄▄[38;5;189m▄[38;5;32m▄[48;5;195m▄[48;5;231m▄[38;5;110m▄[38;5;231m▄▄▄[48;5;189m▄▄[48;5;231m▄▄▄[48;5;153;38;5;74m▄[48;5;32;38;5;32m▄▄▄▄▄▄▄▄▄▄▄[48;5;110m▄[48;5;231;38;5;231m▄▄▄[48;5;195m▄[48;5;189m▄[48;5;231m▄▄▄[38;5;152m▄[38;5;32m▄[48;5;195m▄[48;5;231m▄[38;5;153m▄[38;5;231m▄▄▄[48;5;153m▄[48;5;32;38;5;32m▄▄▄▄▄▄▄[0m
[48;5;32;38;5;32m▄▄▄▄▄[48;5;74;38;5;74m▄[48;5;231;38;5;231m▄▄▄[38;5;153m▄[48;5;32;38;5;32m▄▄▄▄▄[48;5;153;38;5;74m▄[48;5;231;38;5;231m▄▄▄▄▄▄[38;5;195m▄[48;5;32;38;5;32m▄▄▄▄▄▄▄▄▄▄▄▄▄[48;5;189;38;5;153m▄[48;5;231;38;5;231m▄▄▄▄▄▄[48;5;189;38;5;116m▄[48;5;32;38;5;32m▄▄▄▄▄[48;5;231;38;5;153m▄[38;5;231m▄▄▄[48;5;74;38;5;116m▄[48;5;32;38;5;32m▄▄▄▄▄▄[0m
[48;5;32;38;5;32m▄▄▄▄▄[48;5;74;38;5;68m▄[48;5;231;38;5;231m▄▄▄[48;5;189m▄[48;5;32;38;5;74m▄[38;5;32m▄▄▄▄[48;5;110;38;5;195m▄[48;5;231;38;5;231m▄▄▄▄▄▄[48;5;195m▄[48;5;32;38;5;32m▄▄▄▄▄▄▄▄▄▄▄▄▄[48;5;153;38;5;189m▄[48;5;231;38;5;231m▄▄▄▄▄▄[48;5;116m▄[48;5;32;38;5;32m▄▄▄▄▄[48;5;153;38;5;231m▄[48;5;231m▄▄▄[48;5;116;38;5;74m▄[48;5;32;38;5;32m▄▄▄▄▄▄[0m
[48;5;32;38;5;32m▄▄▄▄▄▄[48;5;195;38;5;74m▄[48;5;231;38;5;231m▄▄▄▄[48;5;110m▄[48;5;74m▄▄[48;5;189m▄[48;5;231m▄▄▄[38;5;153m▄▄[38;5;231m▄▄▄[48;5;74;38;5;195m▄[48;5;32;38;5;32m▄▄▄▄▄▄▄▄▄▄▄[38;5;153m▄[48;5;231;38;5;231m▄▄▄[38;5;189m▄[38;5;116m▄[38;5;231m▄▄▄[48;5;195m▄[48;5;74m▄▄▄[48;5;195m▄[48;5;231m▄▄▄[38;5;110m▄[48;5;32;38;5;32m▄▄▄▄▄▄▄[0m
[48;5;32;38;5;32m▄▄▄▄▄▄▄[48;5;153m▄[48;5;231;38;5;116m▄[38;5;231m▄▄▄▄▄▄▄[38;5;153m▄[48;5;195;38;5;32m▄[48;5;32m▄[48;5;74m▄[48;5;231;38;5;153m▄[38;5;231m▄▄▄[48;5;153m▄[48;5;32;38;5;153m▄[38;5;68m▄[38;5;32m▄▄▄▄▄▄[38;5;152m▄[48;5;110;38;5;231m▄[48;5;231m▄▄▄[38;5;195m▄[48;5;74;38;5;32m▄[48;5;32m▄[48;5;189m▄[48;5;231;38;5;153m▄[38;5;231m▄▄▄▄▄▄▄[38;5;152m▄[48;5;153;38;5;32m▄[48;5;32m▄▄▄▄▄▄▄▄[0m
[48;5;32;38;5;32m▄▄▄▄▄▄▄▄▄▄[48;5;116m▄[48;5;189m▄[48;5;195m▄▄[48;5;153m▄[48;5;74m▄[48;5;32m▄▄▄▄▄[48;5;195;38;5;68m▄[48;5;231;38;5;231m▄▄▄▄▄[48;5;189m▄[48;5;110m▄[48;5;74m▄[48;5;110m▄[48;5;153m▄[48;5;231m▄▄▄▄▄[38;5;74m▄[48;5;68;38;5;32m▄[48;5;32m▄▄▄▄[48;5;74m▄[48;5;152m▄[48;5;195m▄[48;5;231m▄[48;5;195m▄[48;5;116m▄[48;5;68m▄[48;5;32m▄▄▄▄▄▄▄▄▄▄[0m
[48;5;32;38;5;32m▄▄▄▄▄▄▄▄▄▄▄▄▄▄▄▄▄▄▄▄▄▄▄[48;5;189m▄[48;5;231;38;5;74m▄[38;5;195m▄[38;5;231m▄▄▄▄▄▄▄▄[38;5;116m▄[48;5;195;38;5;32m▄[48;5;74m▄[48;5;32m▄▄▄▄▄▄▄▄▄▄▄▄▄▄▄▄▄▄▄▄▄▄▄[0m
[48;5;32;38;5;32m▄▄▄▄▄▄▄▄▄▄▄▄▄▄▄▄▄▄▄▄▄▄▄▄▄▄[48;5;74m▄[48;5;116m▄[48;5;153m▄[48;5;189m▄[48;5;153m▄[48;5;116m▄[48;5;74m▄[48;5;32m▄▄▄▄▄▄▄▄▄▄▄▄▄▄▄▄▄▄▄▄▄▄▄▄▄▄▄[0m
[48;5;32;38;5;32m▄▄▄▄▄▄▄▄▄▄▄▄▄▄▄▄▄▄▄▄▄▄▄▄▄▄▄▄▄▄▄▄▄▄▄▄▄▄▄▄▄▄▄▄▄▄▄▄▄▄▄▄▄▄▄▄▄▄▄▄[0m
[48;5;32;38;5;32m▄▄▄▄▄▄▄▄▄▄▄▄▄▄▄▄▄▄▄▄▄▄▄▄▄▄▄▄▄▄▄▄▄▄▄▄▄▄▄▄▄▄▄▄▄▄▄▄▄▄▄▄▄▄▄▄▄▄▄▄[0m
[48;5;32;38;5;32m▄▄▄▄▄▄▄▄▄▄▄▄▄▄▄▄▄▄▄▄▄▄▄▄▄▄▄▄▄▄▄▄▄▄▄▄▄▄▄▄▄▄▄▄▄▄▄▄▄▄▄▄▄▄▄▄▄▄▄▄[0m
[48;5;32;38;5;32m▄▄▄▄▄▄▄▄▄▄▄▄▄▄▄▄▄▄▄▄▄▄▄▄▄▄▄▄▄▄▄▄▄▄▄▄▄▄▄▄▄▄▄▄▄▄▄▄▄▄▄▄▄▄▄▄▄▄▄▄[0m
[48;5;32;38;5;32m▄▄▄▄▄▄▄▄▄▄▄▄▄▄▄▄▄▄▄▄▄▄▄▄▄▄▄▄▄▄▄▄▄▄▄▄▄▄▄▄▄▄▄▄▄▄▄▄▄▄▄▄▄▄▄▄▄▄▄▄[0m
[48;5;32;38;5;32m▄▄▄▄▄▄▄▄▄▄▄▄▄▄▄▄▄▄▄▄▄▄▄▄▄▄▄▄▄▄▄▄▄▄▄▄▄▄▄▄▄▄▄▄▄▄▄▄▄▄▄▄▄▄▄▄▄▄▄▄[0m
[48;5;32;38;5;32m▄▄▄▄▄▄▄▄▄▄▄▄▄▄▄▄▄▄▄▄▄▄▄▄▄▄▄▄▄▄▄▄▄▄▄▄▄▄▄▄▄▄▄▄▄▄▄▄▄▄▄▄▄▄▄▄▄▄▄▄[0m
